#YY  MM DD hh mm  .0200  .0325  .0375  .0425  .0475  .0525  .0575  .0625  .0675  .0725  .0775  .0825  .0875  .0925  .1000  .1100  .1200  .1300  .1400  .1500  .1600  .1700  .1800  .1900  .2000  .2100  .2200  .2300  .2400  .2500  .2600  .2700  .2800  .2900  .3000  .3100  .3200  .3300  .3400  .3500  .3650  .3850  .4050  .4250  .4450  .4650  .4850
2011 10 13 00 00   0.00   0.00   0.00   0.00   0.00   0.00   0.00   0.00   0.00   0.00   0.00   0.00   0.00   0.00   0.00   0.00   0.00   0.00   0.00   0.00   0.00   0.00   0.00   0.00   0.00   0.00   0.00   0.00   0.01   0.01   0.02   0.01   0.02   0.01   0.01   0.02   0.02   0.01   0.01   0.01   0.01   0.01   0.01   0.00   0.01   0.00   0.00
2011 10 13 01 00   0.00   0.00   0.00   0.00   0.00   0.00   0.00   0.00   0.00   0.00   0.00   0.00   0.00   0.00   0.00   0.00   0.00   0.00   0.00   0.00   0.00   0.00   0.00   0.00   0.00   0.00   0.00   0.00   0.00   0.01   0.02   0.01   0.02   0.01   0.01   0.02   0.02   0.03   0.01   0.02   0.01   0.01   0.02   0.01   0.01   0.01   0.01
2011 10 13 02 00   0.00   0.00   0.00   0.00   0.00   0.00   0.00   0.00   0.00   0.00   0.00   0.00   0.00   0.00   0.00   0.00   0.00   0.00   0.00   0.00   0.00   0.00   0.00   0.00   0.00   0.00   0.00   0.00   0.00   0.01   0.01   0.01   0.01   0.01   0.02   0.03   0.03   0.01   0.03   0.02   0.02   0.03   0.02   0.02   0.01   0.01   0.00
2011 10 13 03 00   0.00   0.00   0.00   0.00   0.00   0.00   0.00   0.00   0.00   0.00   0.00   0.00   0.00   0.00   0.00   0.00   0.00   0.00   0.00   0.00   0.00   0.00   0.00   0.00   0.00   0.00   0.00   0.01   0.01   0.01   0.01   0.01   0.02   0.02   0.03   0.04   0.04   0.05   0.02   0.03   0.03   0.03   0.03   0.02   0.01   0.01   0.00
2011 10 13 04 00   0.00   0.00   0.00   0.00   0.00   0.00   0.00   0.00   0.00   0.00   0.00   0.00   0.00   0.00   0.00   0.00   0.00   0.00   0.00   0.00   0.00   0.00   0.00   0.00   0.00   0.00   0.00   0.01   0.01   0.00   0.01   0.01   0.02   0.04   0.03   0.06   0.05   0.05   0.03   0.04   0.03   0.03   0.02   0.02   0.01   0.00   0.00
2011 10 13 05 00   0.00   0.00   0.00   0.00   0.00   0.00   0.00   0.00   0.00   0.00   0.00   0.00   0.00   0.00   0.00   0.00   0.00   0.00   0.00   0.00   0.00   0.00   0.00   0.00   0.00   0.00   0.00   0.00   0.00   0.01   0.01   0.01   0.01   0.03   0.02   0.03   0.06   0.06   0.04   0.04   0.05   0.02   0.02   0.01   0.01   0.00   0.00
2011 10 13 06 00   0.00   0.00   0.00   0.00   0.00   0.00   0.00   0.00   0.00   0.00   0.00   0.00   0.00   0.00   0.00   0.00   0.00   0.00   0.00   0.00   0.00   0.00   0.00   0.00   0.00   0.00   0.00   0.01   0.00   0.00   0.01   0.01   0.01   0.02   0.03   0.03   0.06   0.05   0.08   0.04   0.03   0.05   0.02   0.02   0.01   0.01   0.00
2011 10 13 07 00   0.00   0.00   0.00   0.00   0.00   0.00   0.00   0.00   0.00   0.00   0.00   0.00   0.00   0.00   0.00   0.00   0.00   0.00   0.00   0.00   0.00   0.00   0.00   0.00   0.00   0.00   0.00   0.00   0.00   0.00   0.01   0.01   0.03   0.06   0.06   0.06   0.06   0.10   0.06   0.05   0.04   0.02   0.01   0.01   0.01   0.01   0.01
2011 10 13 08 00   0.00   0.00   0.00   0.00   0.00   0.00   0.00   0.00   0.00   0.00   0.00   0.00   0.00   0.00   0.00   0.00   0.00   0.00   0.00   0.00   0.00   0.00   0.00   0.00   0.00   0.00   0.00   0.00   0.00   0.01   0.00   0.01   0.01   0.03   0.04   0.04   0.03   0.04   0.05   0.04   0.04   0.02   0.02   0.01   0.01   0.01   0.00
2011 10 13 09 00   0.00   0.00   0.00   0.00   0.00   0.00   0.00   0.00   0.00   0.00   0.00   0.00   0.00   0.00   0.00   0.00   0.00   0.00   0.00   0.00   0.00   0.00   0.00   0.00   0.00   0.00   0.00   0.02   0.03   0.08   0.13   0.18   0.10   0.24   0.09   0.07   0.09   0.06   0.06   0.03   0.05   0.02   0.04   0.02   0.01   0.01   0.01
2011 10 13 10 00   0.00   0.00   0.00   0.00   0.00   0.00   0.00   0.00   0.00   0.00   0.00   0.00   0.00   0.00   0.00   0.00   0.00   0.00   0.00   0.00   0.00   0.00   0.00   0.00   0.00   0.01   0.01   0.02   0.03   0.12   0.17   0.13   0.23   0.10   0.15   0.13   0.07   0.05   0.08   0.04   0.04   0.02   0.02   0.01   0.01   0.01   0.00
2011 10 13 11 00   0.00   0.00   0.00   0.00   0.00   0.00   0.00   0.00   0.00   0.00   0.00   0.00   0.00   0.00   0.00   0.00   0.00   0.00   0.00   0.00   0.00   0.00   0.00   0.00   0.00   0.01   0.02   0.04   0.06   0.09   0.17   0.14   0.27   0.22   0.14   0.06   0.07   0.05   0.07   0.04   0.05   0.03   0.02   0.02   0.01   0.01   0.01
2011 10 13 12 00   0.00   0.00   0.00   0.00   0.00   0.00   0.00   0.00   0.00   0.00   0.00   0.00   0.00   0.00   0.00   0.00   0.00   0.00   0.00   0.00   0.00   0.00   0.00   0.00   0.00   0.01   0.01   0.02   0.05   0.08   0.09   0.07   0.06   0.07   0.12   0.10   0.12   0.09   0.09   0.08   0.04   0.06   0.04   0.02   0.01   0.01   0.01
2011 10 13 13 00   0.00   0.00   0.00   0.00   0.00   0.00   0.00   0.00   0.00   0.00   0.00   0.00   0.00   0.00   0.00   0.00   0.00   0.00   0.00   0.00   0.00   0.00   0.00   0.00   0.00   0.00   0.01   0.01   0.04   0.02   0.05   0.07   0.08   0.04   0.10   0.18   0.08   0.10   0.15   0.05   0.04   0.02   0.02   0.03   0.02   0.01   0.01
2011 10 13 14 00   0.00   0.00   0.00   0.00   0.00   0.00   0.00   0.00   0.00   0.00   0.00   0.00   0.00   0.00   0.00   0.00   0.00   0.00   0.00   0.00   0.00   0.01   0.03   0.04   0.08   0.06   0.06   0.07   0.06   0.12   0.12   0.08   0.14   0.16   0.16   0.04   0.08   0.05   0.07   0.08   0.05   0.04   0.02   0.03   0.01   0.01   0.01
2011 10 13 15 00   0.00   0.00   0.00   0.00   0.00   0.00   0.00   0.00   0.00   0.00   0.00   0.00   0.00   0.00   0.00   0.00   0.00   0.00   0.00   0.00   0.01   0.02   0.02   0.07   0.13   0.38   0.27   0.26   0.26   0.25   0.28   0.20   0.18   0.10   0.06   0.06   0.06   0.05   0.04   0.08   0.04   0.05   0.03   0.01   0.02   0.01   0.01
2011 10 13 16 00   0.00   0.00   0.00   0.00   0.00   0.00   0.00   0.00   0.00   0.00   0.00   0.00   0.00   0.00   0.00   0.00   0.00   0.00   0.00   0.00   0.00   0.01   0.03   0.07   0.18   0.22   0.24   0.32   0.30   0.16   0.11   0.13   0.12   0.14   0.09   0.05   0.08   0.07   0.06   0.07   0.07   0.04   0.03   0.04   0.01   0.01   0.01
2011 10 13 17 00   0.00   0.00   0.00   0.00   0.00   0.00   0.00   0.00   0.00   0.00   0.00   0.00   0.00   0.00   0.00   0.00   0.00   0.00   0.00   0.00   0.00   0.01   0.02   0.02   0.08   0.08   0.24   0.18   0.22   0.24   0.14   0.19   0.23   0.22   0.13   0.07   0.09   0.15   0.05   0.10   0.05   0.04   0.02   0.03   0.02   0.01   0.01
2011 10 13 18 00   0.00   0.00   0.00   0.00   0.00   0.00   0.00   0.00   0.00   0.00   0.00   0.00   0.00   0.00   0.00   0.00   0.00   0.00   0.00   0.00   0.00   0.01   0.01   0.02   0.05   0.15   0.14   0.31   0.23   0.31   0.11   0.16   0.11   0.21   0.13   0.15   0.06   0.08   0.08   0.06   0.04   0.04   0.02   0.02   0.01   0.01   0.01
2011 10 13 19 00   0.00   0.00   0.00   0.00   0.00   0.00   0.00   0.00   0.00   0.00   0.00   0.00   0.00   0.00   0.00   0.00   0.00   0.00   0.00   0.00   0.01   0.01   0.02   0.05   0.13   0.11   0.14   0.30   0.22   0.28   0.22   0.14   0.10   0.17   0.14   0.07   0.10   0.12   0.07   0.07   0.07   0.04   0.03   0.03   0.01   0.01   0.01
2011 10 13 20 00   0.00   0.00   0.00   0.00   0.00   0.00   0.00   0.00   0.00   0.00   0.00   0.00   0.00   0.00   0.00   0.00   0.00   0.00   0.00   0.00   0.00   0.01   0.01   0.06   0.22   0.43   0.47   0.43   0.46   0.18   0.14   0.12   0.13   0.12   0.07   0.10   0.06   0.07   0.08   0.06   0.07   0.05   0.04   0.02   0.01   0.01   0.01
2011 10 13 21 00   0.00   0.00   0.00   0.00   0.00   0.00   0.00   0.00   0.00   0.00   0.00   0.00   0.00   0.00   0.00   0.00   0.00   0.00   0.00   0.00   0.00   0.00   0.02   0.03   0.09   0.16   0.36   0.51   0.36   0.17   0.14   0.13   0.13   0.08   0.15   0.06   0.10   0.08   0.04   0.03   0.06   0.03   0.03   0.03   0.02   0.01   0.01
2011 10 13 22 00   0.00   0.00   0.00   0.00   0.00   0.00   0.00   0.00   0.00   0.00   0.00   0.00   0.00   0.00   0.00   0.00   0.00   0.00   0.00   0.00   0.00   0.00   0.02   0.04   0.19   0.28   0.28   0.47   0.19   0.16   0.17   0.07   0.11   0.13   0.05   0.11   0.07   0.06   0.06   0.07   0.05   0.04   0.03   0.02   0.01   0.01   0.00
2011 10 13 23 00   0.00   0.00   0.00   0.00   0.00   0.00   0.00   0.00   0.00   0.00   0.00   0.00   0.00   0.00   0.00   0.00   0.00   0.00   0.00   0.00   0.00   0.01   0.02   0.07   0.15   0.30   0.19   0.33   0.26   0.15   0.13   0.12   0.09   0.05   0.05   0.08   0.06   0.06   0.07   0.03   0.04   0.02   0.03   0.01   0.01   0.01   0.01
2011 10 14 00 00   0.00   0.00   0.00   0.00   0.00   0.00   0.00   0.00   0.00   0.00   0.00   0.00   0.00   0.00   0.00   0.00   0.00   0.00   0.00   0.00   0.00   0.00   0.01   0.03   0.09   0.12   0.33   0.30   0.39   0.24   0.13   0.11   0.07   0.06   0.07   0.07   0.05   0.05   0.06   0.03   0.04   0.02   0.01   0.02   0.01   0.01   0.00
2011 10 14 01 00   0.00   0.00   0.00   0.00   0.00   0.00   0.00   0.00   0.00   0.00   0.00   0.00   0.00   0.00   0.00   0.00   0.00   0.00   0.00   0.00   0.00   0.00   0.00   0.01   0.04   0.06   0.20   0.26   0.13   0.15   0.13   0.07   0.07   0.04   0.04   0.07   0.05   0.04   0.03   0.04   0.03   0.05   0.01   0.01   0.01   0.00   0.00
2011 10 14 02 00   0.00   0.00   0.00   0.00   0.00   0.00   0.00   0.00   0.00   0.00   0.00   0.00   0.00   0.00   0.00   0.00   0.00   0.00   0.00   0.00   0.00   0.00   0.00   0.01   0.01   0.04   0.06   0.10   0.09   0.09   0.07   0.10   0.05   0.03   0.08   0.05   0.07   0.03   0.05   0.03   0.02   0.02   0.02   0.01   0.01   0.01   0.00
2011 10 14 03 00   0.00   0.00   0.00   0.00   0.00   0.00   0.00   0.00   0.00   0.00   0.00   0.00   0.00   0.00   0.00   0.00   0.00   0.00   0.00   0.00   0.00   0.00   0.00   0.00   0.01   0.02   0.06   0.07   0.06   0.11   0.07   0.05   0.03   0.04   0.05   0.04   0.03   0.03   0.03   0.05   0.03   0.02   0.02   0.02   0.02   0.01   0.01
2011 10 14 04 00   0.00   0.00   0.00   0.00   0.00   0.00   0.00   0.00   0.00   0.00   0.00   0.00   0.00   0.00   0.00   0.00   0.00   0.00   0.00   0.00   0.00   0.00   0.00   0.00   0.00   0.01   0.03   0.03   0.05   0.05   0.08   0.04   0.05   0.05   0.03   0.03   0.03   0.04   0.03   0.02   0.02   0.03   0.02   0.01   0.01   0.01   0.00
2011 10 14 05 00   0.00   0.00   0.00   0.00   0.00   0.00   0.00   0.00   0.00   0.00   0.00   0.00   0.00   0.00   0.00   0.00   0.00   0.00   0.00   0.00   0.00   0.00   0.00   0.00   0.00   0.01   0.01   0.02   0.03   0.07   0.05   0.06   0.04   0.02   0.04   0.02   0.02   0.02   0.02   0.02   0.03   0.03   0.03   0.02   0.02   0.01   0.00
2011 10 14 06 00   0.00   0.00   0.00   0.00   0.00   0.00   0.00   0.00   0.00   0.00   0.00   0.00   0.00   0.00   0.00   0.00   0.00   0.00   0.00   0.00   0.00   0.00   0.00   0.00   0.00   0.00   0.01   0.01   0.02   0.03   0.03   0.05   0.03   0.04   0.03   0.02   0.03   0.01   0.02   0.02   0.03   0.02   0.01   0.01   0.01   0.01   0.00
2011 10 14 07 00   0.00   0.00   0.00   0.00   0.00   0.00   0.00   0.00   0.00   0.00   0.00   0.00   0.00   0.00   0.00   0.00   0.00   0.00   0.00   0.00   0.00   0.00   0.00   0.00   0.00   0.01   0.01   0.01   0.01   0.03   0.04   0.03   0.05   0.02   0.03   0.02   0.02   0.02   0.02   0.02   0.03   0.02   0.01   0.01   0.00   0.01   0.01
2011 10 14 08 00   0.00   0.00   0.00   0.00   0.00   0.00   0.00   0.00   0.00   0.00   0.00   0.00   0.00   0.00   0.00   0.00   0.00   0.00   0.00   0.00   0.00   0.00   0.00   0.00   0.00   0.01   0.01   0.01   0.01   0.02   0.03   0.04   0.04   0.04   0.02   0.02   0.02   0.01   0.01   0.01   0.01   0.01   0.02   0.01   0.00   0.00   0.00
2011 10 14 09 00   0.00   0.00   0.00   0.00   0.00   0.00   0.00   0.00   0.00   0.00   0.00   0.00   0.00   0.00   0.00   0.00   0.00   0.00   0.00   0.00   0.00   0.00   0.00   0.00   0.00   0.00   0.01   0.02   0.04   0.07   0.10   0.07   0.03   0.01   0.02   0.03   0.01   0.02   0.02   0.02   0.01   0.01   0.01   0.00   0.00   0.00   0.00
2011 10 14 10 00   0.00   0.00   0.00   0.00   0.00   0.00   0.00   0.00   0.00   0.00   0.00   0.00   0.00   0.00   0.00   0.00   0.00   0.00   0.00   0.00   0.00   0.00   0.01   0.00   0.00   0.00   0.01   0.01   0.02   0.05   0.08   0.03   0.03   0.05   0.03   0.02   0.01   0.01   0.01   0.01   0.01   0.01   0.01   0.00   0.00   0.00   0.00
2011 10 14 11 00   0.00   0.00   0.00   0.00   0.00   0.00   0.00   0.00   0.00   0.00   0.00   0.00   0.00   0.00   0.00   0.00   0.00   0.00   0.01   0.01   0.01   0.02   0.05   0.03   0.05   0.06   0.04   0.01   0.01   0.02   0.04   0.06   0.04   0.04   0.03   0.01   0.01   0.01   0.01   0.01   0.01   0.01   0.01   0.00   0.00   0.00   0.00
2011 10 14 12 00   0.00   0.00   0.00   0.00   0.00   0.00   0.00   0.00   0.00   0.00   0.00   0.00   0.00   0.00   0.00   0.00   0.01   0.02   0.17   0.27   0.13   0.08   0.12   0.30   0.31   0.28   0.26   0.27   0.21   0.21   0.40   0.52   0.32   0.21   0.33   0.40   0.25   0.16   0.16   0.09   0.10   0.07   0.08   0.06   0.02   0.01   0.01
2011 10 14 13 00   0.00   0.00   0.00   0.00   0.00   0.00   0.00   0.00   0.00   0.00   0.00   0.00   0.00   0.00   0.00   0.00   0.00   0.08   0.27   0.95   0.57   0.75   1.32   0.92   1.49   1.47   0.95   0.95   0.69   0.66   0.60   0.62   0.21   0.18   0.26   0.23   0.13   0.22   0.14   0.14   0.12   0.07   0.04   0.06   0.03   0.02   0.02
2011 10 14 14 00   0.00   0.00   0.00   0.00   0.00   0.00   0.00   0.00   0.00   0.00   0.00   0.00   0.00   0.00   0.00   0.00   0.00   0.03   0.10   0.30   0.57   1.28   0.76   1.96   3.54   1.31   1.46   1.13   0.58   0.44   0.50   0.43   0.21   0.14   0.29   0.20   0.20   0.15   0.15   0.10   0.05   0.09   0.06   0.04   0.05   0.02   0.02
2011 10 14 15 00   0.00   0.00   0.00   0.00   0.00   0.00   0.00   0.00   0.00   0.00   0.00   0.00   0.00   0.00   0.00   0.01   0.00   0.05   0.08   0.26   0.41   0.56   1.22   3.63   2.06   2.11   1.09   1.02   0.37   0.21   0.47   0.35   0.29   0.30   0.27   0.19   0.22   0.17   0.16   0.17   0.10   0.09   0.05   0.03   0.03   0.02   0.01
2011 10 14 16 00   0.00   0.00   0.00   0.00   0.00   0.00   0.00   0.00   0.00   0.00   0.00   0.00   0.00   0.00   0.00   0.00   0.01   0.01   0.07   0.27   0.47   0.95   1.56   2.90   2.83   2.17   1.80   1.35   0.53   0.54   0.30   0.43   0.26   0.19   0.27   0.27   0.21   0.14   0.18   0.11   0.13   0.13   0.04   0.07   0.05   0.03   0.01
2011 10 14 17 00   0.00   0.00   0.00   0.00   0.00   0.00   0.00   0.00   0.00   0.00   0.00   0.00   0.00   0.00   0.00   0.00   0.03   0.05   0.09   0.24   0.94   1.77   4.83   3.75   1.11   1.57   0.94   0.51   0.62   0.65   0.58   0.36   0.32   0.16   0.20   0.19   0.18   0.18   0.10   0.10   0.17   0.12   0.08   0.03   0.02   0.02   0.02
2011 10 14 18 00   0.00   0.00   0.00   0.00   0.00   0.00   0.00   0.00   0.00   0.00   0.00   0.00   0.00   0.00   0.00   0.01   0.03   0.10   0.28   0.52   1.59   3.85   2.75   1.85   2.16   1.07   1.37   0.56   0.56   0.38   0.29   0.54   0.31   0.20   0.29   0.31   0.14   0.15   0.11   0.12   0.09   0.06   0.04   0.04   0.03   0.02   0.02
2011 10 14 19 00   0.00   0.00   0.00   0.00   0.00   0.00   0.00   0.00   0.00   0.00   0.00   0.00   0.00   0.00   0.00   0.00   0.05   0.11   0.33   1.04   2.86   5.17   4.27   4.12   2.34   1.60   0.80   0.65   0.46   0.60   0.47   0.29   0.24   0.30   0.30   0.29   0.17   0.21   0.10   0.07   0.08   0.10   0.06   0.04   0.02   0.01   0.01
2011 10 14 20 00   0.00   0.00   0.00   0.00   0.00   0.00   0.03   0.00   0.00   0.00   0.00   0.00   0.01   0.00   0.01   0.02   0.08   0.18   0.65   0.80   2.45   6.13   6.76   3.16   1.55   1.23   0.82   0.59   0.60   0.43   0.58   0.27   0.19   0.14   0.18   0.15   0.14   0.15   0.12   0.10   0.09   0.04   0.07   0.03   0.03   0.02   0.01
2011 10 14 21 00   0.00   0.00   0.00   0.00   0.00   0.00   0.00   0.00   0.00   0.00   0.00   0.00   0.00   0.00   0.00   0.02   0.06   0.16   0.51   1.94   3.99   3.89   4.29   2.50   2.03   1.86   1.66   0.90   0.57   0.54   0.26   0.21   0.33   0.19   0.27   0.15   0.13   0.14   0.15   0.08   0.04   0.07   0.07   0.03   0.02   0.02   0.01
2011 10 14 22 00   0.00   0.00   0.00   0.00   0.00   0.00   0.00   0.00   0.00   0.00   0.00   0.00   0.00   0.00   0.00   0.04   0.11   0.30   1.13   2.47   6.33   6.88   3.54   2.14   1.94   1.54   1.48   1.07   0.49   0.48   0.63   0.36   0.32   0.25   0.24   0.23   0.15   0.20   0.13   0.09   0.09   0.10   0.04   0.03   0.02   0.02   0.01
2011 10 14 23 00   0.00   0.00   0.00   0.00   0.00   0.00   0.00   0.00   0.00   0.00   0.00   0.00   0.03   0.00   0.00   0.07   0.19   0.33   0.84   3.42  10.49   5.53   4.73   2.38   2.24   1.98   1.06   0.83   0.50   0.55   0.73   0.27   0.27   0.19   0.26   0.25   0.20   0.20   0.19   0.12   0.06   0.10   0.11   0.04   0.03   0.01   0.01
2011 10 15 00 00   0.00   0.00   0.00   0.00   0.00   0.00   0.00   0.00   0.00   0.00   0.00   0.00   0.00   0.00   0.00   0.06   0.15   0.65   2.06   5.19  11.48   6.05   4.99   3.48   1.83   1.94   1.21   0.84   0.49   0.47   0.30   0.43   0.32   0.32   0.30   0.26   0.18   0.19   0.17   0.11   0.11   0.11   0.04   0.03   0.03   0.02   0.01
2011 10 15 01 00   0.00   0.00   0.00   0.00   0.00   0.00   0.00   0.00   0.00   0.00   0.00   0.00   0.00   0.00   0.00   0.16   0.81   1.76   4.72   4.45   6.86   6.23   4.29   2.99   2.52   1.44   1.39   0.78   0.76   0.80   0.57   0.51   0.30   0.44   0.24   0.24   0.23   0.18   0.20   0.11   0.17   0.08   0.08   0.04   0.04   0.03   0.01
2011 10 15 02 00   0.00   0.00   0.00   0.00   0.00   0.00   0.00   0.00   0.00   0.00   0.00   0.00   0.00   0.00   0.01   0.33   1.70   3.50   9.34  13.64   7.88   4.63   4.93   2.30   3.23   1.60   1.07   0.58   0.54   0.39   0.55   0.59   0.25   0.37   0.29   0.28   0.29   0.16   0.20   0.16   0.14   0.08   0.06   0.05   0.04   0.02   0.01
2011 10 15 04 00   0.00   0.00   0.00   0.00   0.00   0.00   0.00   0.00   0.00   0.00   0.00   0.00   0.00   0.00   0.23   0.78   3.56  17.92  13.33  12.13   4.88   3.69   2.05   2.05   2.23   0.64   1.27   0.52   0.87   0.57   0.84   0.29   0.36   0.20   0.38   0.35   0.29   0.18   0.26   0.17   0.12   0.08   0.12   0.08   0.03   0.03   0.02
2011 10 15 05 00   0.00   0.00   0.00   0.00   0.00   0.00   0.00   0.00   0.00   0.09   0.14   0.00   0.01   0.03   0.12   0.77   6.88  13.37  10.70  16.18   3.78   6.12   2.83   1.90   2.67   1.42   1.18   0.95   1.24   0.36   0.50   0.50   0.25   0.47   0.39   0.25   0.32   0.19   0.22   0.09   0.14   0.09   0.13   0.05   0.03   0.03   0.02
2011 10 15 06 00   0.00   0.00   0.00   0.00   0.00   0.00   0.00   0.00   0.00   0.00   0.00   0.00   0.00   0.00   0.08   0.95   3.62  15.11  24.97   7.65   6.36   2.42   3.08   0.72   1.51   2.30   1.91   0.90   0.65   0.96   0.44   0.49   0.34   0.20   0.39   0.42   0.27   0.12   0.13   0.23   0.12   0.07   0.07   0.07   0.03   0.01   0.01
2011 10 15 07 00   0.00   0.00   0.00   0.00   0.00   0.00   0.00   0.00   0.00   0.00   0.00   0.00   0.00   0.01   0.36   1.32   3.93  11.48   9.18   6.49   8.96   5.66   2.91   3.90   2.75   1.75   1.62   0.91   0.72   0.81   0.54   0.67   0.40   0.45   0.20   0.14   0.23   0.11   0.18   0.13   0.15   0.09   0.05   0.04   0.03   0.01   0.02
2011 10 15 08 00   0.00   0.00   0.00   0.00   0.00   0.00   0.00   0.00   0.00   0.00   0.00   0.00   0.00   0.00   0.42   2.43   6.19  29.74  17.79   8.74   4.21   3.69   2.45   2.36   1.49   1.02   1.58   1.23   0.77   0.46   0.34   0.58   0.35   0.49   0.28   0.26   0.19   0.29   0.20   0.07   0.11   0.06   0.06   0.04   0.02   0.02   0.01
2011 10 15 09 00   0.00   0.00   0.00   0.00   0.00   0.00   0.00   0.00   0.00   0.00   0.00   0.00   0.09   0.12   0.09   1.21   2.69   9.72  16.06   9.80  10.12   4.29   2.75   2.85   2.78   0.74   1.19   0.86   0.56   0.59   0.55   0.35   0.31   0.35   0.21   0.19   0.09   0.14   0.06   0.12   0.08   0.08   0.02   0.02   0.02   0.02   0.01
2011 10 15 10 00   0.00   0.00   0.00   0.00   0.00   0.00   0.00   0.00   0.00   0.00   0.00   0.00   0.00   0.00   0.15   0.85   3.58  10.06  12.44  13.58   7.57   4.29   3.29   2.06   0.90   1.43   1.03   0.89   1.12   0.59   0.81   0.33   0.26   0.41   0.31   0.17   0.33   0.19   0.08   0.17   0.19   0.06   0.03   0.04   0.03   0.02   0.01
2011 10 15 11 00   0.00   0.00   0.00   0.00   0.00   0.00   0.00   0.00   0.00   0.00   0.00   0.00   0.00   0.08   0.10   0.24   3.51   7.61  12.59   8.57   7.94   3.24   2.00   2.24   2.62   1.86   1.12   0.78   0.43   0.52   0.57   0.51   0.29   0.33   0.31   0.16   0.14   0.20   0.16   0.10   0.11   0.04   0.04   0.03   0.03   0.02   0.01
2011 10 15 12 00   0.00   0.00   0.00   0.00   0.00   0.00   0.00   0.00   0.00   0.04   0.02   0.00   0.17   0.23   0.19   0.60   1.62   6.84  17.49  12.80  10.64   3.90   3.86   1.74   2.04   1.50   0.60   0.90   0.91   0.54   0.55   0.61   0.59   0.28   0.19   0.44   0.29   0.21   0.18   0.23   0.11   0.08   0.06   0.03   0.03   0.01   0.01
2011 10 15 13 00   0.00   0.00   0.00   0.00   0.00   0.00   0.00   0.00   0.00   0.00   0.00   0.00   0.00   0.06   0.13   0.31   1.64   2.86  10.15  14.80   8.25   4.04   2.49   2.50   1.42   1.67   0.93   0.58   0.85   0.52   0.66   0.51   0.49   0.41   0.39   0.25   0.24   0.13   0.18   0.18   0.10   0.07   0.04   0.04   0.02   0.02   0.01
2011 10 15 14 00   0.00   0.00   0.00   0.00   0.00   0.00   0.00   0.00   0.00   0.00   0.00   0.00   0.00   0.05   0.09   0.46   1.66   2.34   6.21   6.78  11.64   3.83   2.45   3.28   1.61   0.55   0.76   0.55   0.58   0.47   0.41   0.62   0.31   0.31   0.22   0.18   0.20   0.11   0.16   0.09   0.08   0.06   0.06   0.03   0.02   0.02   0.01
2011 10 15 15 00   0.00   0.00   0.00   0.00   0.00   0.00   0.00   0.00   0.00   0.00   0.00   0.01   0.00   0.01   0.21   0.81   1.35   2.45   8.69   7.35  13.08   7.41   3.96   3.07   1.30   1.07   1.53   0.83   0.63   0.57   0.76   0.27   0.45   0.44   0.17   0.24   0.32   0.22   0.26   0.13   0.13   0.05   0.06   0.03   0.04   0.02   0.01
2011 10 15 16 00   0.00   0.00   0.00   0.00   0.00   0.00   0.00   0.00   0.00   0.00   0.00   0.00   0.00   0.06   0.24   0.54   1.20   3.63   6.23   4.73   8.73   5.12   3.53   1.84   1.50   1.42   1.42   0.37   0.78   0.43   0.39   0.47   0.47   0.39   0.30   0.35   0.12   0.20   0.20   0.12   0.10   0.08   0.02   0.03   0.02   0.02   0.01
2011 10 15 17 00   0.00   0.00   0.00   0.00   0.00   0.00   0.00   0.00   0.00   0.00   0.00   0.00   0.00   0.00   0.03   0.40   1.15   1.17   7.73   8.74  12.07   7.90   3.78   2.20   1.79   0.99   0.74   0.71   1.24   0.30   0.33   0.40   0.23   0.24   0.27   0.25   0.21   0.26   0.21   0.15   0.06   0.13   0.05   0.04   0.02   0.02   0.02
2011 10 15 18 00   0.00   0.00   0.00   0.00   0.00   0.00   0.00   0.00   0.00   0.00   0.00   0.00   0.00   0.00   0.30   0.48   0.75   3.17   7.58   9.92  11.02   6.96   3.46   1.62   0.88   0.97   0.70   1.04   0.55   0.80   0.33   0.44   0.34   0.49   0.35   0.29   0.30   0.14   0.14   0.17   0.15   0.09   0.05   0.03   0.03   0.02   0.01
2011 10 15 19 00   0.00   0.00   0.00   0.00   0.00   0.00   0.00   0.00   0.00   0.00   0.00   0.00   0.00   0.00   0.25   0.40   0.93   3.14   3.90   6.36   5.09   9.55   4.26   2.14   1.13   1.60   0.83   0.93   0.54   0.50   0.46   0.44   0.38   0.41   0.40   0.28   0.28   0.30   0.30   0.11   0.14   0.07   0.05   0.07   0.05   0.02   0.01
2011 10 15 20 00   0.00   0.00   0.00   0.00   0.00   0.00   0.00   0.00   0.00   0.00   0.00   0.00   0.04   0.05   0.08   0.41   1.52   2.29   5.47   5.97   5.14   5.39   4.61   2.68   1.89   1.08   1.00   0.63   0.73   0.50   0.44   0.38   0.44   0.27   0.29   0.25   0.35   0.24   0.16   0.14   0.16   0.08   0.08   0.03   0.02   0.02   0.01
2011 10 15 21 00   0.00   0.00   0.00   0.00   0.00   0.00   0.00   0.00   0.00   0.00   0.00   0.00   0.06   0.09   0.18   0.65   1.98   5.41   3.01   4.24   4.39   4.60   4.24   3.06   1.40   0.99   1.23   0.86   0.70   0.30   0.47   0.39   0.23   0.38   0.30   0.20   0.21   0.13   0.14   0.28   0.09   0.10   0.08   0.04   0.04   0.02   0.01
2011 10 15 22 00   0.00   0.00   0.00   0.00   0.00   0.00   0.00   0.00   0.00   0.00   0.00   0.00   0.23   0.42   0.25   0.94   2.95   6.78   3.63   5.53   4.44   5.39   3.85   2.78   2.53   1.67   0.87   0.93   0.73   0.67   0.71   0.38   0.28   0.32   0.23   0.25   0.39   0.13   0.25   0.09   0.13   0.09   0.05   0.02   0.03   0.02   0.01
2011 10 15 23 00   0.00   0.00   0.00   0.00   0.00   0.00   0.00   0.00   0.00   0.00   0.00   0.01   0.04   0.05   0.25   0.63   3.47   3.76   4.49   4.90   5.65   6.37   4.39   2.84   1.73   1.33   1.37   0.69   0.60   0.74   0.68   0.54   0.30   0.21   0.18   0.21   0.24   0.20   0.17   0.19   0.16   0.06   0.07   0.03   0.03   0.01   0.01
2011 10 16 00 00   0.00   0.00   0.00   0.00   0.00   0.00   0.00   0.00   0.00   0.00   0.00   0.05   0.10   0.10   0.31   1.57   3.88   6.27   4.83   4.24   8.12   5.32   3.05   1.43   1.55   1.33   1.06   0.89   0.84   0.55   0.52   0.28   0.31   0.27   0.34   0.36   0.23   0.16   0.13   0.14   0.05   0.07   0.08   0.04   0.03   0.02   0.01
2011 10 16 02 00   0.00   0.00   0.00   0.00   0.00   0.00   0.00   0.00   0.00   0.00   0.00   0.00   0.00   0.00   0.22   1.71   7.72   6.73   4.49   3.94   6.08   5.52   3.94   1.65   1.30   1.19   1.18   0.58   0.75   0.55   0.53   0.81   0.22   0.22   0.12   0.40   0.15   0.25   0.17   0.16   0.10   0.06   0.10   0.06   0.03   0.01   0.01
2011 10 16 03 00   0.00   0.00   0.00   0.00   0.00   0.00   0.00   0.00   0.00   0.00   0.00   0.00   0.00   0.00   0.30   1.18   7.16  14.44   4.32   3.80   3.66   3.57   3.80   2.38   1.87   1.65   0.89   0.80   0.67   0.43   0.34   0.58   0.36   0.37   0.36   0.25   0.13   0.09   0.13   0.10   0.09   0.06   0.07   0.03   0.03   0.02   0.01
2011 10 16 04 00   0.00   0.00   0.00   0.00   0.00   0.00   0.00   0.00   0.00   0.00   0.00   0.00   0.01   0.07   0.27   1.72   2.54   7.92   6.56   3.22   3.10   2.34   2.24   3.22   2.19   1.40   1.39   0.97   1.05   0.62   0.37   0.38   0.46   0.46   0.19   0.18   0.18   0.19   0.14   0.21   0.15   0.07   0.08   0.02   0.02   0.01   0.01
2011 10 16 05 00   0.00   0.00   0.00   0.00   0.00   0.00   0.00   0.00   0.00   0.00   0.00   0.00   0.00   0.01   0.16   0.71   3.28   5.94   5.49   6.45   2.89   5.42   3.35   2.42   1.03   1.56   0.94   0.73   0.69   0.67   0.58   0.46   0.28   0.46   0.26   0.12   0.19   0.17   0.15   0.14   0.10   0.07   0.08   0.05   0.03   0.02   0.02
2011 10 16 06 00   0.00   0.00   0.00   0.00   0.00   0.00   0.00   0.00   0.00   0.00   0.00   0.00   0.00   0.09   0.25   0.77   2.96   6.42   3.57   5.82   2.43   2.64   2.81   1.69   2.21   1.69   0.81   0.88   0.58   0.51   0.45   0.28   0.30   0.29   0.38   0.24   0.11   0.24   0.21   0.14   0.15   0.06   0.07   0.03   0.03   0.01   0.01
2011 10 16 07 00   0.00   0.00   0.00   0.00   0.00   0.00   0.00   0.00   0.00   0.00   0.00   0.00   0.00   0.00   0.18   0.51   0.84   5.21   4.48   4.55   5.25   2.39   3.52   3.79   3.09   3.28   0.88   0.80   0.47   0.85   0.52   0.56   0.39   0.34   0.25   0.32   0.25   0.18   0.17   0.17   0.10   0.07   0.04   0.03   0.02   0.01   0.01
2011 10 16 08 00   0.00   0.00   0.00   0.00   0.00   0.00   0.00   0.00   0.00   0.00   0.00   0.00   0.00   0.00   0.09   0.19   1.16   2.42   5.36   4.53   3.14   2.38   3.63   5.42   1.99   1.64   0.71   1.06   0.58   0.66   0.58   0.25   0.50   0.40   0.25   0.24   0.20   0.22   0.21   0.15   0.11   0.09   0.09   0.05   0.02   0.02   0.02
2011 10 16 09 00   0.00   0.00   0.00   0.00   0.00   0.00   0.00   0.00   0.00   0.00   0.00   0.00   0.00   0.00   0.02   0.13   0.59   1.44   3.18   2.50   2.58   2.26   1.87   3.22   2.19   1.80   0.97   1.34   0.43   0.62   0.69   0.51   0.33   0.32   0.28   0.25   0.29   0.24   0.10   0.16   0.07   0.06   0.04   0.06   0.03   0.02   0.02
2011 10 16 10 00   0.00   0.00   0.00   0.00   0.00   0.00   0.00   0.00   0.00   0.00   0.00   0.00   0.00   0.00   0.05   0.13   0.27   1.41   3.64   3.43   3.42   2.79   1.99   2.57   2.51   1.33   0.92   0.80   0.73   0.35   0.59   0.24   0.30   0.22   0.19   0.27   0.19   0.20   0.15   0.12   0.10   0.10   0.06   0.05   0.03   0.01   0.01
2011 10 16 11 00   0.00   0.00   0.00   0.00   0.00   0.00   0.00   0.00   0.00   0.00   0.00   0.00   0.00   0.00   0.07   0.21   0.37   1.25   5.36   3.27   2.27   1.65   2.72   2.04   1.72   0.95   0.85   1.32   0.80   0.33   0.30   0.26   0.37   0.24   0.32   0.33   0.16   0.13   0.14   0.13   0.13   0.07   0.08   0.05   0.02   0.02   0.01
2011 10 16 12 00   0.00   0.00   0.00   0.00   0.00   0.00   0.00   0.00   0.00   0.00   0.00   0.00   0.00   0.01   0.16   0.34   0.74   2.68   5.71   4.49   1.56   1.32   2.79   2.90   1.32   1.17   1.01   0.87   0.79   0.29   0.46   0.32   0.48   0.29   0.16   0.30   0.28   0.24   0.13   0.11   0.13   0.05   0.05   0.05   0.03   0.02   0.01
2011 10 16 13 00   0.00   0.00   0.00   0.00   0.00   0.00   0.00   0.00   0.00   0.00   0.00   0.00   0.00   0.00   0.12   0.48   1.22   5.33   3.30   3.48   3.47   2.93   2.25   2.51   1.64   1.21   0.87   0.97   1.22   0.45   0.67   0.71   0.40   0.43   0.27   0.24   0.17   0.22   0.11   0.18   0.10   0.09   0.04   0.06   0.04   0.02   0.01
2011 10 16 14 00   0.00   0.00   0.00   0.00   0.00   0.00   0.00   0.00   0.00   0.00   0.00   0.00   0.00   0.00   0.02   0.53   2.84   4.12   6.57   3.73   2.32   2.92   2.89   1.80   1.58   1.62   1.55   0.84   0.31   0.48   0.41   0.49   0.49   0.38   0.30   0.10   0.22   0.18   0.15   0.14   0.10   0.07   0.05   0.05   0.03   0.01   0.01
2011 10 16 15 00   0.00   0.00   0.00   0.00   0.00   0.00   0.00   0.00   0.00   0.00   0.00   0.00   0.00   0.03   0.20   0.70   3.08   6.45   4.98   6.06   5.41   2.47   2.62   1.64   1.34   1.89   1.26   0.74   0.74   0.57   0.58   0.46   0.24   0.28   0.47   0.17   0.17   0.22   0.21   0.10   0.11   0.12   0.09   0.06   0.02   0.03   0.01
2011 10 16 16 00   0.00   0.00   0.00   0.00   0.00   0.00   0.00   0.00   0.00   0.00   0.00   0.00   0.00   0.03   0.14   0.33   4.87   9.10   6.53   5.52   7.62   5.57   2.97   2.07   1.81   1.60   0.75   1.20   0.53   0.64   0.40   0.33   0.23   0.34   0.37   0.28   0.15   0.12   0.12   0.10   0.07   0.14   0.04   0.05   0.02   0.02   0.02
2011 10 16 17 00   0.00   0.00   0.00   0.00   0.00   0.00   0.00   0.00   0.00   0.00   0.00   0.00   0.01   0.00   0.03   0.51   2.48   5.37   4.79   3.50   4.84   3.53   2.81   1.41   1.71   1.27   0.68   0.95   0.58   0.57   0.54   0.35   0.35   0.42   0.35   0.36   0.20   0.18   0.16   0.13   0.11   0.13   0.08   0.04   0.02   0.02   0.01
2011 10 16 18 00   0.00   0.00   0.00   0.00   0.00   0.00   0.00   0.00   0.00   0.00   0.00   0.00   0.00   0.01   0.13   0.35   1.36   5.15   4.77   4.19   3.88   3.40   4.33   2.52   1.77   1.09   0.94   1.22   0.69   0.65   0.46   0.39   0.31   0.32   0.18   0.18   0.18   0.14   0.18   0.14   0.06   0.17   0.06   0.03   0.02   0.02   0.01
2011 10 16 19 00   0.00   0.00   0.00   0.00   0.00   0.00   0.00   0.00   0.00   0.00   0.00   0.10   0.11   0.07   0.16   0.50   2.96   4.83   2.08   3.52   4.53   4.58   3.92   2.94   1.49   1.53   0.98   0.95   1.20   0.34   0.29   0.34   0.56   0.35   0.31   0.20   0.12   0.19   0.12   0.18   0.08   0.06   0.08   0.05   0.03   0.01   0.01
2011 10 16 20 00   0.00   0.00   0.00   0.00   0.00   0.00   0.00   0.00   0.00   0.00   0.06   0.06   0.02   0.08   0.25   1.13   3.12   3.77   3.75   3.81   5.86   5.13   5.07   3.06   2.32   0.80   1.10   0.92   0.72   0.76   0.38   0.27   0.42   0.41   0.29   0.20   0.35   0.14   0.14   0.09   0.08   0.07   0.10   0.04   0.02   0.01   0.01
2011 10 16 21 00   0.00   0.00   0.00   0.00   0.00   0.00   0.00   0.00   0.00   0.00   0.00   0.00   0.00   0.13   0.48   1.52   4.87   4.25   4.55   3.58   3.84   1.26   2.23   1.80   1.18   1.34   1.07   0.45   0.51   0.35   0.66   0.66   0.34   0.27   0.31   0.34   0.26   0.18   0.18   0.12   0.09   0.07   0.08   0.06   0.02   0.02   0.01
2011 10 16 22 00   0.00   0.00   0.00   0.00   0.00   0.00   0.00   0.00   0.00   0.00   0.00   0.00   0.02   0.11   0.65   3.11   4.74   6.87   4.26   3.48   4.63   2.19   2.25   3.35   1.90   1.81   1.12   1.05   0.85   0.52   0.52   0.57   0.59   0.31   0.29   0.21   0.17   0.21   0.22   0.12   0.12   0.11   0.10   0.03   0.04   0.02   0.01
2011 10 16 23 00   0.00   0.00   0.00   0.00   0.00   0.00   0.00   0.00   0.00   0.00   0.00   0.00   0.10   0.84   1.77   5.48  13.03   7.34   9.43   4.15   4.62   3.50   5.55   2.79   2.11   0.70   1.00   1.01   0.85   0.60   0.37   0.51   0.28   0.36   0.40   0.29   0.16   0.23   0.11   0.14   0.10   0.09   0.06   0.05   0.03   0.03   0.01
2011 10 17 00 00   0.00   0.00   0.00   0.00   0.00   0.00   0.00   0.00   0.00   0.00   0.00   0.00   0.09   0.33   1.62   6.51  15.34   9.99   6.91   5.25   5.42   4.26   4.87   2.20   2.97   1.37   1.27   1.14   1.15   0.59   0.67   0.40   0.39   0.45   0.53   0.26   0.23   0.35   0.15   0.16   0.12   0.08   0.09   0.04   0.04   0.04   0.02
2011 10 17 01 00   0.00   0.00   0.00   0.00   0.00   0.00   0.00   0.00   0.00   0.00   0.00   0.00   0.15   0.98   3.92   8.68  11.81   9.92   7.11   3.62   3.24   3.40   2.02   2.52   2.37   1.75   1.35   0.63   0.46   0.73   0.50   0.40   0.50   0.43   0.35   0.37   0.20   0.38   0.18   0.14   0.13   0.09   0.05   0.05   0.03   0.02   0.01
2011 10 17 02 00   0.00   0.00   0.00   0.00   0.00   0.00   0.00   0.00   0.00   0.00   0.00   0.00   0.00   0.32   2.11   8.33   9.13   8.56   7.37   6.02   2.33   3.27   2.70   2.10   1.84   1.46   0.97   0.68   0.57   0.97   0.72   0.60   0.31   0.31   0.20   0.44   0.47   0.14   0.12   0.13   0.10   0.11   0.07   0.04   0.05   0.01   0.01
2011 10 17 04 00   0.00   0.00   0.00   0.00   0.00   0.00   0.00   0.00   0.00   0.00   0.00   0.00   0.19   1.21   3.34  14.71  13.92   7.29   7.00   6.15   3.82   3.87   4.12   2.23   1.95   1.49   1.28   1.29   0.46   0.86   0.68   0.47   0.57   0.66   0.35   0.22   0.13   0.26   0.10   0.13   0.11   0.09   0.05   0.05   0.02   0.01   0.02
2011 10 17 05 00   0.00   0.00   0.00   0.00   0.00   0.00   0.00   0.00   0.00   0.00   0.00   0.00   0.52   2.28   8.26   7.32  17.89   9.03   4.04   5.29   6.80   5.53   5.28   1.99   1.94   1.60   1.90   0.83   0.58   0.74   0.68   0.81   0.41   0.42   0.30   0.25   0.19   0.12   0.15   0.21   0.15   0.13   0.07   0.05   0.04   0.02   0.01
2011 10 17 06 00   0.00   0.00   0.00   0.00   0.00   0.00   0.00   0.00   0.00   0.00   0.14   0.36   0.76   3.14   6.40  16.42  20.77   5.06   8.70  11.39   2.56   3.73   4.27   3.08   2.51   1.85   1.28   0.70   0.38   0.56   0.49   0.61   0.10   0.51   0.30   0.18   0.19   0.15   0.16   0.19   0.12   0.11   0.09   0.06   0.02   0.02   0.01
2011 10 17 07 00   0.00   0.00   0.00   0.00   0.00   0.00   0.00   0.00   0.00   0.00   0.01   0.33   1.24   3.57   5.70  10.84  10.24   9.95   3.85   3.63   8.65   4.39   3.62   2.35   2.38   0.95   0.73   0.79   0.67   0.68   0.67   0.32   0.48   0.18   0.13   0.29   0.24   0.19   0.21   0.10   0.14   0.05   0.07   0.04   0.02   0.02   0.02
2011 10 17 08 00   0.00   0.00   0.00   0.00   0.00   0.00   0.00   0.00   0.00   0.00   0.15   0.29   0.42   1.03   4.76  15.58   6.15   4.98   6.63   4.85   5.01   3.93   2.34   1.96   1.78   1.46   1.13   0.91   0.71   0.97   0.54   0.43   0.32   0.30   0.23   0.26   0.25   0.10   0.21   0.14   0.10   0.08   0.08   0.05   0.03   0.02   0.01
2011 10 17 09 00   0.00   0.00   0.00   0.00   0.00   0.00   0.00   0.00   0.00   0.00   0.00   0.04   0.49   1.55   3.93  18.61   7.62   4.79   4.76   4.49   4.48   7.53   1.81   3.74   2.05   1.95   0.97   1.09   0.71   0.52   0.54   0.46   0.48   0.12   0.20   0.09   0.27   0.16   0.14   0.15   0.12   0.04   0.09   0.04   0.04   0.02   0.01
2011 10 17 10 00   0.00   0.00   0.00   0.00   0.00   0.00   0.00   0.00   0.00   0.00   0.01   0.09   0.16   0.66   2.70   8.64   7.88   4.13   5.90   2.70   3.86   3.03   4.63   3.00   1.77   1.87   1.21   0.45   0.44   0.56   0.77   0.51   0.41   0.28   0.37   0.28   0.22   0.14   0.18   0.30   0.09   0.07   0.08   0.04   0.03   0.03   0.01
2011 10 17 11 00   0.00   0.00   0.00   0.00   0.00   0.00   0.00   0.00   0.00   0.00   0.00   0.00   0.05   0.54   1.27   7.72   6.31   5.11   3.67   4.80   3.71   5.40   2.78   2.32   0.92   1.12   1.20   0.90   0.63   0.45   0.50   0.43   0.33   0.31   0.17   0.26   0.21   0.26   0.19   0.20   0.13   0.06   0.06   0.07   0.03   0.03   0.01
2011 10 17 12 00   0.00   0.00   0.00   0.00   0.00   0.00   0.00   0.00   0.00   0.00   0.00   0.02   0.14   0.32   0.51   6.06  11.88   5.58   7.99   3.15   4.20   3.30   5.83   3.51   1.49   1.02   1.27   0.82   0.69   0.44   0.87   0.48   0.45   0.39   0.25   0.12   0.22   0.19   0.18   0.15   0.08   0.11   0.05   0.02   0.03   0.01   0.01
2011 10 17 13 00   0.00   0.00   0.00   0.00   0.00   0.00   0.00   0.00   0.00   0.00   0.00   0.00   0.00   0.06   0.32   2.39   8.14   6.83   2.74   3.22   3.21   2.91   4.78   2.59   0.79   1.67   0.90   1.29   0.61   0.45   0.69   0.34   0.34   0.30   0.21   0.32   0.17   0.17   0.20   0.13   0.11   0.08   0.04   0.02   0.01   0.02   0.01
2011 10 17 15 00   0.00   0.00   0.00   0.00   0.00   0.00   0.00   0.00   0.00   0.00   0.00   0.00   0.13   0.39   0.99   3.09   6.80   3.69   2.55   2.79   2.68   2.53   2.24   4.01   1.76   1.80   0.60   0.97   0.98   0.58   0.40   0.48   0.49   0.27   0.20   0.24   0.21   0.23   0.19   0.09   0.19   0.07   0.04   0.03   0.01   0.02   0.01
2011 10 17 16 00   0.00   0.00   0.00   0.00   0.00   0.00   0.00   0.00   0.00   0.00   0.00   0.00   0.03   0.30   0.98   3.25   6.16   4.81   3.85   3.38   2.43   2.55   2.71   2.18   1.60   1.27   1.09   0.98   0.96   0.49   0.67   0.31   0.36   0.34   0.26   0.28   0.25   0.10   0.09   0.10   0.08   0.08   0.05   0.03   0.04   0.02   0.01
2011 10 17 17 00   0.00   0.00   0.00   0.00   0.00   0.00   0.00   0.00   0.00   0.00   0.00   0.12   0.15   0.22   0.37   2.53   3.99   6.78   2.71   2.87   1.72   1.95   2.78   3.85   2.03   1.04   1.08   1.12   0.94   0.50   0.46   0.61   0.40   0.34   0.25   0.25   0.15   0.11   0.16   0.09   0.18   0.05   0.04   0.02   0.03   0.02   0.01
2011 10 17 18 00   0.00   0.00   0.00   0.00   0.00   0.00   0.00   0.00   0.00   0.00   0.00   0.00   0.04   0.15   0.34   0.93   2.81   3.53   2.54   3.20   2.48   3.87   3.70   3.70   1.22   1.16   1.07   0.90   0.55   0.77   0.32   0.38   0.39   0.30   0.26   0.19   0.20   0.19   0.17   0.10   0.11   0.08   0.12   0.03   0.02   0.02   0.01
2011 10 17 19 00   0.00   0.00   0.00   0.00   0.00   0.00   0.00   0.00   0.00   0.00   0.00   0.00   0.00   0.05   0.23   1.43   4.91   4.28   2.96   2.25   2.41   2.11   5.55   2.33   1.64   1.40   0.72   0.84   0.64   0.67   0.37   0.44   0.24   0.29   0.34   0.21   0.22   0.16   0.14   0.15   0.07   0.10   0.06   0.05   0.02   0.03   0.02
2011 10 17 20 00   0.00   0.00   0.00   0.00   0.00   0.00   0.00   0.00   0.00   0.00   0.00   0.05   0.03   0.06   0.19   0.69   2.17   4.37   1.63   1.91   1.37   2.40   4.09   3.06   2.08   1.77   0.74   0.89   0.81   0.43   0.53   0.36   0.18   0.25   0.30   0.21   0.11   0.18   0.17   0.18   0.16   0.09   0.07   0.06   0.02   0.02   0.01
2011 10 17 21 00   0.00   0.00   0.00   0.00   0.00   0.00   0.00   0.00   0.00   0.00   0.00   0.00   0.00   0.00   0.09   1.10   1.95   4.55   2.44   1.92   1.33   1.74   1.29   1.66   1.74   1.99   1.24   0.86   0.49   0.33   0.32   0.33   0.45   0.28   0.21   0.23   0.15   0.15   0.16   0.14   0.07   0.06   0.08   0.04   0.05   0.02   0.01
2011 10 17 22 00   0.00   0.00   0.00   0.00   0.00   0.00   0.00   0.00   0.00   0.00   0.00   0.00   0.00   0.01   0.12   0.53   1.64   2.38   3.67   2.59   1.34   1.09   1.50   1.61   1.76   1.50   0.56   0.72   0.38   0.77   0.53   0.44   0.35   0.32   0.21   0.10   0.18   0.18   0.13   0.10   0.13   0.06   0.09   0.05   0.03   0.02   0.01
2011 10 17 23 00   0.00   0.00   0.00   0.00   0.00   0.00   0.00   0.00   0.00   0.00   0.00   0.00   0.00   0.00   0.03   0.33   0.85   1.43   2.29   2.68   0.93   1.88   1.34   2.99   3.62   2.00   0.52   0.87   0.42   0.43   0.29   0.33   0.34   0.15   0.22   0.24   0.14   0.12   0.13   0.07   0.10   0.09   0.07   0.03   0.03   0.02   0.01
2011 10 18 00 00   0.00   0.00   0.00   0.00   0.00   0.00   0.00   0.00   0.00   0.00   0.00   0.00   0.00   0.00   0.04   0.20   0.92   2.33   3.73   2.12   1.96   1.66   1.64   2.04   2.67   2.63   1.41   0.82   0.80   0.47   0.39   0.39   0.27   0.25   0.23   0.12   0.18   0.17   0.11   0.15   0.13   0.08   0.04   0.02   0.02   0.02   0.01
2011 10 18 01 00   0.00   0.00   0.00   0.00   0.00   0.00   0.00   0.00   0.00   0.00   0.00   0.00   0.00   0.00   0.02   0.13   1.11   2.80   2.32   3.26   1.27   0.86   2.35   3.91   1.66   1.63   1.31   0.40   0.52   0.49   0.26   0.31   0.32   0.20   0.19   0.20   0.12   0.15   0.14   0.10   0.08   0.04   0.06   0.04   0.03   0.02   0.01
2011 10 18 02 00   0.00   0.00   0.00   0.00   0.00   0.00   0.00   0.00   0.00   0.00   0.00   0.00   0.00   0.02   0.00   0.17   0.64   1.68   4.14   3.77   1.41   1.38   1.63   4.20   2.21   1.36   0.82   0.49   0.77   0.44   0.54   0.35   0.17   0.28   0.16   0.17   0.16   0.17   0.23   0.14   0.14   0.05   0.04   0.06   0.03   0.02   0.01
2011 10 18 03 00   0.00   0.00   0.00   0.01   0.00   0.00   0.00   0.00   0.00   0.00   0.00   0.00   0.00   0.02   0.01   0.07   0.31   1.66   4.90   2.50   2.58   1.46   2.00   2.40   1.75   1.73   1.00   0.63   0.37   0.26   0.29   0.40   0.24   0.21   0.19   0.19   0.09   0.15   0.15   0.10   0.04   0.12   0.08   0.03   0.03   0.01   0.02
2011 10 18 04 00   0.00   0.00   0.00   0.00   0.00   0.00   0.00   0.00   0.00   0.00   0.00   0.00   0.00   0.00   0.00   0.07   0.12   1.00   2.66   2.42   2.24   2.27   2.69   3.73   1.27   1.56   0.75   0.84   0.53   0.36   0.29   0.38   0.30   0.19   0.16   0.16   0.15   0.14   0.10   0.11   0.10   0.05   0.04   0.03   0.04   0.02   0.01
2011 10 18 05 00   0.00   0.00   0.00   0.00   0.00   0.00   0.00   0.00   0.00   0.00   0.00   0.00   0.00   0.00   0.00   0.03   0.12   0.26   1.39   1.89   1.36   2.45   2.71   3.25   1.33   1.41   0.91   1.05   0.66   0.47   0.34   0.26   0.17   0.12   0.15   0.15   0.17   0.10   0.11   0.10   0.11   0.07   0.08   0.04   0.01   0.02   0.01
2011 10 18 06 00   0.00   0.00   0.00   0.00   0.00   0.00   0.00   0.00   0.00   0.00   0.00   0.00   0.00   0.00   0.00   0.04   0.08   0.20   0.75   1.91   2.21   2.78   3.29   2.47   1.17   1.11   0.99   0.42   0.31   0.51   0.47   0.31   0.19   0.25   0.15   0.11   0.14   0.22   0.14   0.12   0.07   0.07   0.04   0.04   0.02   0.01   0.02
2011 10 18 07 00   0.00   0.00   0.00   0.00   0.00   0.00   0.00   0.00   0.00   0.00   0.00   0.00   0.00   0.01   0.01   0.05   0.04   0.13   0.33   1.73   2.39   3.87   2.14   2.07   1.81   1.49   0.58   0.43   0.37   0.35   0.27   0.23   0.17   0.21   0.14   0.16   0.17   0.11   0.09   0.08   0.08   0.06   0.03   0.02   0.02   0.01   0.01
2011 10 18 08 00   0.00   0.00   0.00   0.00   0.00   0.00   0.00   0.00   0.00   0.00   0.00   0.00   0.00   0.00   0.00   0.00   0.05   0.14   0.15   0.52   1.38   1.86   2.37   2.95   1.67   1.15   1.14   0.80   0.38   0.36   0.23   0.30   0.26   0.16   0.17   0.17   0.19   0.14   0.10   0.10   0.09   0.06   0.04   0.04   0.02   0.01   0.01
2011 10 18 09 00   0.00   0.00   0.00   0.00   0.00   0.00   0.00   0.00   0.00   0.00   0.00   0.00   0.00   0.00   0.00   0.00   0.02   0.10   0.13   0.59   0.97   1.89   3.11   3.60   2.36   0.70   1.01   0.94   0.40   0.45   0.26   0.20   0.12   0.17   0.22   0.21   0.19   0.16   0.10   0.07   0.12   0.07   0.04   0.03   0.02   0.01   0.01
2011 10 18 10 00   0.00   0.00   0.00   0.00   0.00   0.00   0.00   0.00   0.00   0.00   0.00   0.00   0.00   0.00   0.00   0.00   0.05   0.06   0.09   0.35   0.48   1.08   1.53   1.71   1.61   0.83   1.27   0.62   0.22   0.26   0.29   0.26   0.34   0.23   0.16   0.17   0.12   0.10   0.09   0.10   0.13   0.07   0.05   0.02   0.03   0.02   0.01
2011 10 18 11 00   0.00   0.00   0.00   0.00   0.00   0.00   0.00   0.00   0.00   0.00   0.00   0.00   0.00   0.00   0.00   0.00   0.01   0.06   0.08   0.17   0.57   1.28   2.71   3.77   1.78   1.82   0.98   0.55   0.80   0.39   0.52   0.30   0.27   0.19   0.12   0.25   0.21   0.13   0.14   0.14   0.10   0.07   0.04   0.05   0.02   0.02   0.01
2011 10 18 12 00   0.00   0.00   0.00   0.00   0.00   0.00   0.00   0.00   0.00   0.00   0.00   0.00   0.00   0.00   0.00   0.00   0.01   0.05   0.10   0.19   0.50   2.02   2.00   1.79   1.13   2.00   0.86   0.78   0.37   0.36   0.27   0.33   0.31   0.22   0.22   0.13   0.16   0.20   0.12   0.13   0.08   0.09   0.05   0.04   0.04   0.02   0.01
2011 10 18 13 00   0.00   0.00   0.00   0.00   0.00   0.00   0.00   0.00   0.00   0.00   0.00   0.00   0.00   0.00   0.00   0.00   0.02   0.03   0.07   0.09   0.40   0.90   3.80   2.85   1.87   0.96   0.41   0.99   0.52   0.36   0.51   0.30   0.36   0.22   0.15   0.13   0.11   0.15   0.19   0.12   0.05   0.06   0.05   0.04   0.03   0.01   0.01
2011 10 18 14 00   0.00   0.00   0.00   0.00   0.00   0.00   0.00   0.00   0.00   0.00   0.00   0.00   0.00   0.00   0.00   0.01   0.03   0.02   0.08   0.16   0.17   0.51   1.95   4.03   1.43   1.41   0.73   0.55   0.51   0.41   0.35   0.28   0.14   0.25   0.28   0.16   0.21   0.14   0.11   0.11   0.07   0.07   0.04   0.03   0.02   0.02   0.01
2011 10 18 15 00   0.00   0.00   0.00   0.00   0.00   0.00   0.00   0.00   0.00   0.00   0.00   0.00   0.01   0.02   0.00   0.00   0.02   0.04   0.07   0.16   0.36   0.93   1.53   3.67   1.16   1.43   0.74   0.62   0.31   0.34   0.25   0.18   0.34   0.36   0.23   0.19   0.18   0.15   0.15   0.09   0.06   0.04   0.07   0.06   0.03   0.02   0.01
2011 10 18 16 00   0.00   0.00   0.00   0.00   0.00   0.00   0.00   0.00   0.00   0.00   0.00   0.00   0.00   0.00   0.00   0.00   0.01   0.02   0.05   0.14   0.23   0.47   1.04   2.88   1.82   1.20   0.86   0.50   0.63   0.35   0.33   0.32   0.27   0.21   0.24   0.16   0.09   0.17   0.14   0.15   0.08   0.05   0.08   0.03   0.03   0.02   0.01
2011 10 18 18 00   0.00   0.00   0.00   0.00   0.00   0.00   0.00   0.00   0.00   0.00   0.00   0.00   0.00   0.00   0.00   0.00   0.01   0.02   0.03   0.04   0.08   0.11   0.25   0.43   0.86   1.41   0.73   0.68   0.52   0.25   0.19   0.19   0.11   0.13   0.12   0.13   0.10   0.08   0.11   0.10   0.03   0.05   0.04   0.03   0.03   0.02   0.01
2011 10 18 19 00   0.00   0.00   0.00   0.00   0.00   0.00   0.00   0.00   0.00   0.00   0.00   0.00   0.00   0.00   0.00   0.00   0.00   0.00   0.01   0.02   0.08   0.21   0.20   0.21   0.22   0.57   0.52   0.33   0.30   0.29   0.24   0.25   0.14   0.13   0.19   0.15   0.11   0.08   0.09   0.04   0.05   0.05   0.03   0.03   0.02   0.01   0.01
2011 10 18 20 00   0.00   0.00   0.00   0.00   0.00   0.00   0.00   0.00   0.00   0.00   0.00   0.00   0.00   0.00   0.00   0.00   0.00   0.01   0.02   0.03   0.03   0.06   0.16   0.23   0.13   0.17   0.49   0.39   0.38   0.30   0.26   0.16   0.17   0.11   0.17   0.22   0.09   0.07   0.07   0.07   0.05   0.04   0.03   0.02   0.02   0.01   0.01
2011 10 18 21 00   0.00   0.00   0.00   0.00   0.00   0.00   0.00   0.00   0.00   0.00   0.00   0.00   0.00   0.00   0.00   0.00   0.01   0.01   0.02   0.02   0.02   0.03   0.10   0.12   0.11   0.14   0.16   0.16   0.15   0.46   0.15   0.19   0.14   0.11   0.07   0.06   0.06   0.14   0.06   0.03   0.05   0.04   0.03   0.02   0.03   0.01   0.01
2011 10 18 22 00   0.00   0.00   0.00   0.00   0.00   0.00   0.00   0.00   0.00   0.00   0.00   0.00   0.00   0.00   0.00   0.00   0.00   0.00   0.02   0.02   0.03   0.05   0.06   0.06   0.16   0.18   0.40   0.69   0.41   0.36   0.37   0.29   0.16   0.15   0.07   0.14   0.09   0.07   0.07   0.03   0.05   0.06   0.02   0.03   0.01   0.01   0.01
2011 10 18 23 00   0.00   0.00   0.00   0.00   0.00   0.00   0.00   0.00   0.00   0.00   0.00   0.00   0.00   0.00   0.00   0.00   0.00   0.01   0.02   0.02   0.04   0.02   0.05   0.06   0.15   0.28   0.39   0.46   0.52   0.55   0.27   0.30   0.18   0.15   0.16   0.08   0.12   0.07   0.08   0.05   0.07   0.05   0.03   0.02   0.03   0.01   0.01
2011 10 19 01 00   0.00   0.00   0.00   0.00   0.00   0.00   0.00   0.00   0.00   0.00   0.00   0.00   0.00   0.00   0.00   0.00   0.00   0.00   0.01   0.01   0.02   0.03   0.02   0.07   0.14   0.24   0.76   0.85   0.69   0.37   0.26   0.20   0.22   0.21   0.17   0.14   0.14   0.07   0.06   0.14   0.08   0.04   0.07   0.01   0.02   0.01   0.01
2011 10 19 02 00   0.00   0.00   0.00   0.00   0.00   0.00   0.00   0.00   0.00   0.00   0.00   0.00   0.00   0.00   0.00   0.00   0.00   0.01   0.01   0.01   0.01   0.02   0.05   0.04   0.16   0.42   0.60   0.81   0.70   0.30   0.27   0.25   0.20   0.16   0.19   0.08   0.10   0.08   0.09   0.10   0.05   0.02   0.03   0.04   0.01   0.01   0.01
2011 10 19 03 00   0.00   0.00   0.00   0.00   0.00   0.00   0.00   0.00   0.00   0.00   0.00   0.00   0.00   0.00   0.00   0.00   0.00   0.00   0.01   0.01   0.01   0.02   0.04   0.06   0.14   0.34   0.50   0.50   0.31   0.32   0.17   0.24   0.14   0.18   0.12   0.12   0.11   0.13   0.08   0.09   0.05   0.08   0.04   0.03   0.02   0.01   0.01
2011 10 19 04 00   0.00   0.00   0.00   0.00   0.00   0.00   0.00   0.00   0.00   0.00   0.00   0.00   0.00   0.00   0.00   0.00   0.00   0.00   0.01   0.02   0.01   0.02   0.02   0.02   0.07   0.20   0.25   0.48   0.47   0.30   0.26   0.28   0.20   0.13   0.10   0.07   0.10   0.14   0.08   0.07   0.07   0.05   0.06   0.03   0.02   0.01   0.01
2011 10 19 05 00   0.00   0.00   0.00   0.00   0.00   0.00   0.00   0.00   0.00   0.00   0.00   0.00   0.00   0.00   0.00   0.00   0.00   0.00   0.01   0.01   0.01   0.01   0.01   0.01   0.04   0.03   0.10   0.19   0.19   0.42   0.18   0.20   0.13   0.17   0.09   0.09   0.12   0.10   0.10   0.10   0.04   0.05   0.04   0.02   0.03   0.01   0.01
2011 10 19 06 00   0.00   0.00   0.00   0.00   0.00   0.00   0.00   0.00   0.00   0.00   0.00   0.00   0.00   0.00   0.00   0.00   0.00   0.00   0.01   0.01   0.01   0.01   0.01   0.01   0.02   0.03   0.05   0.09   0.28   0.28   0.34   0.25   0.24   0.25   0.36   0.19   0.13   0.10   0.07   0.07   0.05   0.06   0.06   0.02   0.02   0.02   0.02
2011 10 19 07 00   0.00   0.00   0.00   0.00   0.00   0.00   0.00   0.00   0.00   0.00   0.00   0.00   0.00   0.00   0.00   0.00   0.00   0.00   0.01   0.01   0.01   0.02   0.02   0.02   0.02   0.05   0.04   0.25   0.34   0.33   0.53   0.36   0.28   0.24   0.24   0.09   0.08   0.08   0.05   0.05   0.04   0.02   0.06   0.04   0.02   0.01   0.02
2011 10 19 08 00   0.00   0.00   0.00   0.00   0.00   0.00   0.00   0.00   0.00   0.00   0.00   0.00   0.00   0.00   0.00   0.00   0.00   0.00   0.00   0.00   0.01   0.01   0.02   0.02   0.08   0.13   0.12   0.28   0.36   0.48   0.38   0.42   0.23   0.23   0.14   0.11   0.08   0.11   0.06   0.05   0.05   0.04   0.04   0.03   0.02   0.01   0.01
2011 10 19 09 00   0.00   0.00   0.00   0.00   0.00   0.00   0.00   0.00   0.00   0.00   0.00   0.00   0.00   0.00   0.00   0.00   0.00   0.00   0.00   0.00   0.01   0.01   0.01   0.04   0.14   0.13   0.29   0.27   0.38   0.48   0.43   0.24   0.19   0.21   0.16   0.15   0.08   0.06   0.11   0.06   0.04   0.05   0.03   0.03   0.02   0.02   0.01
2011 10 19 10 00   0.00   0.00   0.00   0.00   0.00   0.00   0.00   0.00   0.00   0.00   0.00   0.00   0.00   0.00   0.00   0.00   0.00   0.00   0.00   0.00   0.00   0.01   0.02   0.04   0.09   0.21   0.34   0.44   0.39   0.38   0.26   0.33   0.24   0.11   0.07   0.10   0.08   0.06   0.06   0.05   0.08   0.06   0.05   0.02   0.03   0.01   0.01
2011 10 19 11 00   0.00   0.00   0.00   0.00   0.00   0.00   0.00   0.00   0.00   0.00   0.00   0.00   0.00   0.00   0.00   0.00   0.00   0.00   0.00   0.01   0.01   0.02   0.06   0.06   0.17   0.37   0.33   0.61   0.53   0.58   0.19   0.21   0.22   0.17   0.15   0.12   0.09   0.10   0.09   0.05   0.11   0.04   0.05   0.03   0.02   0.01   0.01
2011 10 19 12 00   0.00   0.00   0.00   0.00   0.00   0.00   0.00   0.00   0.00   0.00   0.00   0.00   0.00   0.00   0.00   0.00   0.00   0.00   0.00   0.01   0.01   0.03   0.08   0.10   0.29   0.42   0.62   0.65   0.38   0.54   0.28   0.21   0.30   0.21   0.12   0.22   0.09   0.07   0.06   0.07   0.05   0.05   0.04   0.03   0.02   0.01   0.01
2011 10 19 13 00   0.00   0.00   0.00   0.00   0.00   0.00   0.00   0.00   0.00   0.00   0.00   0.00   0.00   0.00   0.00   0.00   0.00   0.00   0.00   0.01   0.01   0.04   0.17   0.20   0.49   0.58   1.37   0.45   0.35   0.38   0.41   0.21   0.25   0.31   0.15   0.09   0.12   0.09   0.15   0.13   0.08   0.06   0.04   0.03   0.02   0.01   0.01
2011 10 19 14 00   0.00   0.00   0.00   0.00   0.00   0.00   0.00   0.00   0.00   0.00   0.00   0.00   0.00   0.00   0.00   0.00   0.00   0.01   0.01   0.02   0.04   0.09   0.30   0.78   2.11   1.40   1.08   0.58   0.26   0.28   0.39   0.25   0.15   0.24   0.17   0.09   0.16   0.13   0.11   0.13   0.11   0.07   0.05   0.03   0.02   0.02   0.01
2011 10 19 15 00   0.00   0.00   0.00   0.00   0.00   0.00   0.00   0.00   0.00   0.00   0.00   0.00   0.00   0.00   0.00   0.00   0.00   0.01   0.02   0.04   0.09   0.20   0.55   0.85   1.23   0.84   0.51   0.61   0.38   0.38   0.37   0.26   0.28   0.19   0.12   0.20   0.13   0.16   0.15   0.14   0.07   0.05   0.07   0.04   0.03   0.02   0.01
2011 10 19 16 00   0.00   0.00   0.00   0.00   0.00   0.00   0.00   0.00   0.00   0.00   0.00   0.00   0.00   0.00   0.00   0.00   0.00   0.00   0.01   0.03   0.14   0.33   1.36   1.31   1.19   0.82   0.87   0.57   0.53   0.52   0.56   0.21   0.18   0.26   0.16   0.12   0.10   0.11   0.08   0.08   0.09   0.06   0.04   0.03   0.03   0.01   0.01
2011 10 19 17 00   0.00   0.00   0.00   0.00   0.00   0.00   0.00   0.00   0.00   0.00   0.00   0.00   0.00   0.00   0.00   0.00   0.00   0.00   0.01   0.04   0.08   0.25   0.72   1.66   1.17   0.69   0.46   0.40   0.22   0.43   0.37   0.23   0.30   0.26   0.12   0.11   0.15   0.14   0.09   0.09   0.05   0.06   0.03   0.03   0.02   0.02   0.01
2011 10 19 18 00   0.00   0.00   0.00   0.00   0.00   0.00   0.00   0.00   0.00   0.00   0.00   0.00   0.00   0.00   0.00   0.00   0.00   0.00   0.01   0.01   0.09   0.26   0.64   0.83   1.93   0.96   0.53   0.30   0.62   0.38   0.15   0.25   0.20   0.14   0.14   0.22   0.13   0.16   0.11   0.05   0.08   0.06   0.02   0.03   0.01   0.01   0.01
2011 10 19 19 00   0.00   0.00   0.00   0.00   0.00   0.00   0.00   0.00   0.00   0.00   0.00   0.00   0.00   0.00   0.00   0.00   0.00   0.00   0.01   0.02   0.11   0.47   1.00   1.25   1.69   1.29   0.50   0.39   0.42   0.50   0.20   0.33   0.21   0.29   0.19   0.12   0.12   0.11   0.11   0.07   0.13   0.06   0.04   0.03   0.02   0.02   0.01
2011 10 19 20 00   0.00   0.00   0.00   0.00   0.00   0.00   0.00   0.00   0.00   0.00   0.00   0.00   0.00   0.00   0.00   0.00   0.00   0.00   0.01   0.02   0.10   0.41   0.68   0.95   0.69   0.49   0.47   0.37   0.55   0.20   0.45   0.16   0.27   0.36   0.26   0.09   0.12   0.10   0.10   0.09   0.09   0.06   0.02   0.02   0.01   0.02   0.01
2011 10 19 21 00   0.00   0.00   0.00   0.00   0.00   0.00   0.00   0.00   0.00   0.00   0.00   0.00   0.00   0.00   0.00   0.00   0.00   0.00   0.00   0.01   0.04   0.08   0.37   0.87   0.85   0.84   0.78   0.45   0.36   0.29   0.24   0.19   0.29   0.25   0.16   0.14   0.10   0.09   0.06   0.06   0.08   0.04   0.04   0.03   0.02   0.01   0.01
2011 10 19 22 00   0.00   0.00   0.00   0.00   0.00   0.00   0.00   0.00   0.00   0.00   0.00   0.00   0.00   0.00   0.00   0.00   0.00   0.00   0.01   0.01   0.03   0.05   0.04   0.14   0.40   0.46   0.46   0.32   0.32   0.20   0.23   0.24   0.11   0.14   0.18   0.13   0.08   0.13   0.09   0.05   0.08   0.04   0.04   0.02   0.02   0.01   0.01
2011 10 19 23 00   0.00   0.00   0.00   0.00   0.00   0.00   0.00   0.00   0.00   0.00   0.00   0.00   0.00   0.00   0.00   0.00   0.00   0.00   0.01   0.01   0.03   0.05   0.15   0.26   0.36   0.56   0.39   0.36   0.33   0.46   0.23   0.33   0.20   0.14   0.17   0.24   0.09   0.07   0.13   0.10   0.07   0.07   0.07   0.02   0.02   0.01   0.01
2011 10 20 00 00   0.00   0.00   0.00   0.00   0.00   0.00   0.00   0.00   0.00   0.00   0.00   0.00   0.00   0.00   0.00   0.00   0.00   0.01   0.01   0.03   0.04   0.12   0.19   0.39   0.66   1.09   0.54   0.45   0.31   0.35   0.30   0.26   0.49   0.21   0.23   0.14   0.11   0.18   0.06   0.05   0.09   0.04   0.05   0.03   0.03   0.02   0.01
2011 10 20 01 00   0.00   0.00   0.00   0.00   0.00   0.00   0.00   0.00   0.00   0.00   0.00   0.00   0.00   0.00   0.00   0.00   0.00   0.00   0.01   0.03   0.09   0.18   0.46   0.72   1.08   1.90   0.85   0.66   0.32   0.61   0.73   0.48   0.48   0.24   0.20   0.19   0.14   0.18   0.14   0.08   0.11   0.07   0.05   0.05   0.03   0.02   0.01
2011 10 20 02 00   0.00   0.00   0.00   0.00   0.00   0.00   0.00   0.00   0.00   0.00   0.00   0.00   0.00   0.00   0.00   0.00   0.00   0.01   0.04   0.18   0.29   1.62   1.34   1.79   1.56   1.04   0.99   0.39   0.49   0.45   0.21   0.30   0.25   0.21   0.46   0.20   0.14   0.20   0.08   0.11   0.08   0.09   0.06   0.05   0.03   0.01   0.01
2011 10 20 03 00   0.00   0.00   0.00   0.00   0.00   0.00   0.00   0.00   0.00   0.00   0.00   0.00   0.00   0.00   0.00   0.00   0.02   0.11   0.21   0.80   2.36   3.44   2.28   2.20   1.44   1.23   0.76   0.74   0.42   0.59   0.38   0.43   0.26   0.30   0.25   0.26   0.14   0.11   0.13   0.12   0.19   0.07   0.07   0.03   0.03   0.02   0.01
2011 10 20 04 00   0.00   0.00   0.00   0.00   0.00   0.00   0.00   0.00   0.00   0.00   0.00   0.00   0.00   0.00   0.00   0.01   0.06   0.20   0.99   4.31   5.74   3.50   2.50   2.32   1.64   0.90   0.93   1.08   0.44   0.56   0.35   0.34   0.26   0.44   0.20   0.20   0.19   0.12   0.16   0.12   0.10   0.05   0.04   0.03   0.03   0.01   0.02
2011 10 20 05 00   0.00   0.00   0.00   0.00   0.00   0.00   0.00   0.00   0.00   0.00   0.00   0.00   0.00   0.00   0.00   0.00   0.05   0.25   1.53   4.79   5.72   3.48   1.67   1.44   0.85   1.67   1.43   0.72   0.94   0.48   0.29   0.38   0.51   0.30   0.16   0.18   0.31   0.17   0.21   0.12   0.08   0.07   0.08   0.05   0.02   0.01   0.01
2011 10 20 06 00   0.00   0.00   0.00   0.00   0.00   0.00   0.00   0.00   0.00   0.02   0.00   0.00   0.01   0.04   0.03   0.04   0.18   0.63   2.68   4.21   6.72   4.24   1.82   1.37   1.29   1.52   0.85   0.79   0.46   0.79   0.47   0.39   0.30   0.35   0.28   0.43   0.15   0.13   0.11   0.11   0.09   0.12   0.05   0.04   0.03   0.01   0.02
2011 10 20 07 00   0.00   0.00   0.00   0.00   0.00   0.00   0.00   0.00   0.00   0.00   0.00   0.00   0.00   0.00   0.00   0.02   0.13   0.55   2.03   4.59   4.57   5.35   2.96   1.72   1.30   0.77   1.03   0.75   0.47   0.46   0.25   0.44   0.27   0.41   0.23   0.13   0.19   0.16   0.10   0.08   0.07   0.06   0.07   0.05   0.05   0.02   0.02
2011 10 20 08 00   0.00   0.00   0.00   0.00   0.00   0.00   0.00   0.00   0.00   0.00   0.00   0.00   0.00   0.00   0.02   0.07   0.20   0.51   2.82   4.94   5.90   2.24   2.86   1.66   1.21   0.77   0.62   0.96   0.59   0.77   0.46   0.32   0.22   0.23   0.25   0.22   0.23   0.15   0.10   0.10   0.10   0.09   0.06   0.04   0.03   0.02   0.02
2011 10 20 10 00   0.00   0.00   0.00   0.00   0.00   0.00   0.00   0.00   0.00   0.00   0.00   0.00   0.00   0.00   0.02   0.05   0.19   0.35   1.93   3.90   2.81   4.08   1.57   1.52   0.74   0.88   0.79   0.91   0.46   0.54   0.56   0.27   0.35   0.19   0.24   0.21   0.15   0.14   0.15   0.16   0.08   0.08   0.05   0.04   0.02   0.03   0.01
2011 10 20 11 00   0.00   0.00   0.00   0.00   0.00   0.00   0.00   0.00   0.00   0.00   0.00   0.00   0.00   0.00   0.00   0.06   0.10   0.65   1.09   3.56   2.13   6.18   2.21   2.56   1.35   1.19   1.23   0.74   0.81   0.77   0.44   0.41   0.29   0.39   0.43   0.31   0.18   0.14   0.15   0.08   0.14   0.07   0.04   0.04   0.04   0.03   0.01
2011 10 20 12 00   0.00   0.00   0.00   0.00   0.00   0.00   0.00   0.00   0.00   0.00   0.00   0.00   0.00   0.00   0.00   0.01   0.15   0.76   4.19   4.41   6.78   2.77   1.98   2.05   1.35   1.03   0.89   0.83   0.70   0.43   0.68   0.44   0.36   0.29   0.34   0.25   0.19   0.17   0.09   0.09   0.09   0.10   0.04   0.05   0.02   0.02   0.02
2011 10 20 14 00   0.00   0.00   0.00   0.00   0.00   0.00   0.00   0.00   0.00   0.00   0.02   0.07   0.05   0.03   0.07   0.12   0.75   3.06   6.07   9.87   3.69   3.87   3.44   2.77   1.88   1.08   0.89   0.83   0.63   0.54   0.29   0.55   0.37   0.35   0.43   0.26   0.17   0.11   0.15   0.19   0.16   0.08   0.04   0.06   0.02   0.01   0.01
2011 10 20 15 00   0.00   0.00   0.00   0.00   0.00   0.00   0.00   0.00   0.00   0.00   0.00   0.00   0.00   0.00   0.06   0.09   0.66   3.40   6.76   6.38   4.26   4.99   2.57   4.12   1.36   1.44   0.47   0.40   0.49   0.60   0.55   0.35   0.49   0.46   0.33   0.29   0.21   0.10   0.09   0.15   0.16   0.09   0.04   0.02   0.03   0.02   0.01
2011 10 20 16 00   0.00   0.00   0.00   0.00   0.00   0.00   0.00   0.00   0.00   0.00   0.00   0.00   0.00   0.02   0.03   0.32   0.61   3.24  10.33   8.74   4.53   3.19   2.04   1.06   1.55   1.19   0.61   0.36   0.45   0.40   0.60   0.58   0.40   0.28   0.18   0.27   0.19   0.16   0.11   0.15   0.10   0.08   0.06   0.05   0.03   0.02   0.01
2011 10 20 17 00   0.00   0.00   0.00   0.00   0.00   0.00   0.00   0.00   0.00   0.00   0.00   0.00   0.00   0.00   0.04   0.15   0.60   3.65   6.04   5.91   4.57   4.14   2.21   3.96   1.87   1.33   0.86   0.39   0.56   0.48   0.46   0.47   0.35   0.19   0.26   0.18   0.28   0.16   0.10   0.10   0.08   0.08   0.06   0.04   0.02   0.02   0.01
2011 10 20 18 00   0.00   0.00   0.00   0.00   0.00   0.00   0.00   0.00   0.00   0.00   0.00   0.00   0.00   0.00   0.02   0.18   0.77   2.18   4.17   9.39   4.06   2.66   1.64   1.70   1.44   1.32   0.79   0.69   0.58   0.59   0.78   0.42   0.43   0.35   0.39   0.17   0.23   0.09   0.15   0.10   0.22   0.07   0.06   0.05   0.04   0.01   0.01
2011 10 20 19 00   0.00   0.00   0.00   0.00   0.00   0.00   0.00   0.00   0.00   0.00   0.00   0.00   0.00   0.00   0.03   0.06   0.38   2.09   4.62   6.74   3.37   6.32   2.52   2.35   0.96   1.14   0.76   0.95   0.43   0.37   0.52   0.39   0.24   0.28   0.16   0.17   0.21   0.13   0.08   0.15   0.12   0.06   0.08   0.04   0.02   0.02   0.01
2011 10 20 20 00   0.00   0.00   0.00   0.00   0.00   0.00   0.00   0.00   0.00   0.00   0.00   0.00   0.00   0.00   0.00   0.00   0.15   0.57   2.05   5.76   4.14   3.62   1.87   2.99   1.06   0.75   0.60   0.32   0.51   0.43   0.28   0.30   0.13   0.13   0.23   0.22   0.17   0.14   0.21   0.12   0.07   0.12   0.08   0.07   0.03   0.02   0.01
2011 10 20 21 00   0.00   0.00   0.00   0.00   0.00   0.00   0.00   0.00   0.00   0.00   0.00   0.00   0.00   0.00   0.00   0.00   0.12   0.24   0.98   3.09   5.31   2.60   4.59   2.87   1.95   1.29   0.48   0.52   0.51   0.74   0.64   0.57   0.31   0.46   0.31   0.24   0.13   0.19   0.08   0.09   0.09   0.11   0.10   0.07   0.02   0.01   0.01
2011 10 20 23 00   0.00   0.00   0.00   0.00   0.00   0.00   0.00   0.00   0.00   0.00   0.00   0.00   0.00   0.00   0.02   0.08   0.08   0.70   0.94   2.95   6.78   4.60   2.74   1.38   1.45   0.64   1.02   1.23   0.45   0.40   0.39   0.39   0.36   0.23   0.29   0.28   0.14   0.23   0.14   0.14   0.13   0.16   0.09   0.06   0.03   0.03   0.02
2011 10 21 00 00   0.00   0.00   0.00   0.00   0.00   0.00   0.00   0.00   0.00   0.00   0.00   0.00   0.00   0.00   0.01   0.01   0.06   0.20   0.94   5.66   5.85   3.56   2.54   1.32   1.04   1.03   0.71   0.80   0.38   0.43   0.29   0.36   0.32   0.28   0.26   0.29   0.20   0.24   0.17   0.14   0.16   0.11   0.06   0.06   0.05   0.02   0.01
2011 10 21 01 00   0.00   0.00   0.00   0.00   0.00   0.00   0.00   0.00   0.00   0.00   0.00   0.00   0.00   0.00   0.00   0.00   0.04   0.23   0.88   1.38   7.59   4.62   2.38   1.29   1.35   0.67   1.23   0.74   0.35   0.48   0.35   0.26   0.49   0.22   0.49   0.23   0.22   0.20   0.11   0.10   0.10   0.09   0.04   0.03   0.03   0.01   0.02
2011 10 21 02 00   0.00   0.00   0.00   0.00   0.00   0.00   0.00   0.00   0.00   0.00   0.00   0.00   0.00   0.00   0.02   0.03   0.03   0.31   0.56   1.69   3.49   8.73   5.39   2.61   1.24   1.18   0.91   0.76   0.50   0.63   0.48   0.43   0.28   0.24   0.19   0.31   0.19   0.16   0.21   0.13   0.06   0.07   0.06   0.03   0.02   0.01   0.01
2011 10 21 03 00   0.00   0.00   0.00   0.00   0.00   0.00   0.00   0.00   0.00   0.00   0.00   0.00   0.00   0.00   0.01   0.04   0.05   0.22   0.51   0.75   2.65   6.88   4.40   1.92   1.05   0.77   0.66   0.46   0.58   0.37   0.47   0.38   0.36   0.23   0.20   0.23   0.13   0.13   0.20   0.12   0.05   0.09   0.05   0.06   0.02   0.01   0.01
2011 10 21 04 00   0.00   0.00   0.00   0.00   0.00   0.00   0.00   0.00   0.00   0.00   0.00   0.00   0.01   0.01   0.00   0.02   0.06   0.09   0.94   1.19   2.36   3.83   3.79   2.37   0.72   0.89   0.76   0.57   0.34   0.57   0.25   0.48   0.32   0.21   0.17   0.18   0.18   0.16   0.22   0.09   0.04   0.09   0.05   0.03   0.02   0.01   0.01
2011 10 21 06 00   0.00   0.00   0.00   0.00   0.00   0.00   0.00   0.00   0.00   0.00   0.00   0.00   0.00   0.00   0.00   0.00   0.01   0.04   0.19   0.24   0.75   0.95   2.89   1.56   1.64   0.97   0.60   0.68   0.24   0.31   0.32   0.36   0.15   0.19   0.15   0.23   0.16   0.18   0.17   0.05   0.08   0.04   0.07   0.03   0.02   0.01   0.01
2011 10 21 07 00   0.00   0.00   0.00   0.00   0.00   0.00   0.00   0.00   0.00   0.00   0.00   0.00   0.00   0.00   0.00   0.00   0.02   0.05   0.19   0.35   0.83   1.08   1.78   1.38   1.68   1.28   0.64   0.39   0.52   0.35   0.19   0.17   0.29   0.16   0.22   0.12   0.08   0.06   0.11   0.06   0.07   0.04   0.05   0.02   0.02   0.01   0.01
2011 10 21 08 00   0.00   0.00   0.00   0.00   0.00   0.00   0.00   0.00   0.00   0.00   0.00   0.00   0.00   0.00   0.00   0.00   0.01   0.03   0.06   0.19   0.42   0.61   0.59   0.98   1.18   1.17   1.16   0.61   0.26   0.35   0.22   0.18   0.22   0.14   0.14   0.08   0.09   0.13   0.08   0.05   0.07   0.06   0.02   0.04   0.02   0.01   0.00
2011 10 21 09 00   0.00   0.00   0.00   0.00   0.00   0.00   0.00   0.00   0.00   0.00   0.00   0.00   0.00   0.00   0.00   0.00   0.00   0.02   0.02   0.09   0.12   0.72   0.59   0.59   0.70   0.44   0.76   0.46   0.40   0.19   0.15   0.19   0.08   0.15   0.07   0.08   0.10   0.08   0.08   0.06   0.05   0.04   0.03   0.03   0.02   0.01   0.00
2011 10 21 10 00   0.00   0.00   0.00   0.00   0.00   0.00   0.00   0.00   0.00   0.00   0.00   0.00   0.00   0.00   0.00   0.02   0.02   0.03   0.02   0.04   0.08   0.28   0.41   0.42   0.55   0.55   0.63   0.47   0.28   0.23   0.20   0.17   0.12   0.05   0.04   0.08   0.05   0.07   0.07   0.06   0.04   0.04   0.02   0.02   0.02   0.02   0.00
2011 10 21 11 00   0.00   0.00   0.00   0.00   0.00   0.00   0.00   0.00   0.00   0.00   0.00   0.00   0.00   0.00   0.00   0.01   0.02   0.01   0.01   0.02   0.05   0.04   0.17   0.40   0.35   0.41   0.51   0.26   0.24   0.32   0.17   0.08   0.16   0.12   0.13   0.05   0.06   0.04   0.05   0.05   0.06   0.02   0.03   0.02   0.01   0.01   0.01
2011 10 21 12 00   0.00   0.00   0.00   0.00   0.00   0.00   0.00   0.00   0.00   0.00   0.00   0.00   0.00   0.00   0.01   0.02   0.02   0.01   0.02   0.01   0.03   0.04   0.06   0.20   0.33   0.22   0.22   0.21   0.12   0.24   0.15   0.17   0.09   0.07   0.04   0.07   0.06   0.06   0.05   0.04   0.04   0.03   0.02   0.01   0.01   0.01   0.00
2011 10 21 13 00   0.00   0.00   0.00   0.00   0.00   0.00   0.00   0.00   0.00   0.00   0.00   0.00   0.00   0.00   0.00   0.00   0.01   0.01   0.02   0.02   0.02   0.02   0.03   0.08   0.16   0.19   0.21   0.22   0.15   0.14   0.12   0.13   0.09   0.09   0.13   0.08   0.04   0.08   0.04   0.02   0.04   0.02   0.02   0.02   0.01   0.01   0.01
2011 10 21 14 00   0.00   0.00   0.00   0.00   0.00   0.00   0.00   0.00   0.00   0.00   0.00   0.00   0.00   0.00   0.00   0.00   0.01   0.01   0.01   0.01   0.01   0.01   0.01   0.04   0.11   0.11   0.12   0.13   0.11   0.08   0.18   0.12   0.08   0.10   0.10   0.04   0.08   0.06   0.02   0.03   0.04   0.04   0.02   0.03   0.02   0.01   0.00
2011 10 21 15 00   0.00   0.00   0.00   0.00   0.00   0.00   0.00   0.00   0.00   0.00   0.00   0.00   0.00   0.00   0.00   0.00   0.01   0.01   0.01   0.01   0.02   0.01   0.02   0.02   0.05   0.05   0.08   0.10   0.10   0.09   0.16   0.15   0.21   0.11   0.12   0.06   0.05   0.05   0.02   0.04   0.03   0.02   0.02   0.02   0.01   0.01   0.01
2011 10 21 16 00   0.00   0.00   0.00   0.00   0.00   0.00   0.00   0.00   0.00   0.00   0.00   0.00   0.00   0.00   0.00   0.00   0.00   0.00   0.01   0.00   0.01   0.01   0.01   0.02   0.02   0.04   0.05   0.08   0.08   0.13   0.10   0.21   0.11   0.08   0.07   0.07   0.06   0.05   0.04   0.03   0.02   0.03   0.03   0.02   0.01   0.01   0.01
2011 10 21 17 00   0.00   0.00   0.00   0.00   0.00   0.00   0.00   0.00   0.00   0.00   0.00   0.00   0.00   0.00   0.00   0.00   0.00   0.01   0.01   0.01   0.01   0.01   0.01   0.01   0.01   0.01   0.02   0.02   0.05   0.08   0.06   0.08   0.13   0.11   0.08   0.04   0.03   0.05   0.05   0.03   0.03   0.03   0.02   0.02   0.01   0.01   0.01
2011 10 21 18 00   0.00   0.00   0.00   0.00   0.00   0.00   0.00   0.00   0.00   0.00   0.00   0.00   0.00   0.00   0.00   0.00   0.00   0.00   0.00   0.00   0.00   0.00   0.01   0.01   0.01   0.01   0.01   0.01   0.03   0.03   0.03   0.04   0.08   0.06   0.05   0.06   0.04   0.04   0.05   0.02   0.03   0.02   0.02   0.02   0.01   0.00   0.01
2011 10 21 19 00   0.00   0.00   0.00   0.00   0.00   0.00   0.00   0.00   0.00   0.00   0.00   0.00   0.00   0.00   0.00   0.00   0.00   0.01   0.00   0.00   0.00   0.00   0.01   0.01   0.01   0.01   0.01   0.01   0.01   0.01   0.02   0.01   0.02   0.07   0.06   0.05   0.05   0.04   0.02   0.03   0.03   0.02   0.03   0.02   0.01   0.01   0.01
2011 10 21 20 00   0.00   0.00   0.00   0.00   0.00   0.00   0.00   0.00   0.00   0.00   0.00   0.00   0.00   0.00   0.00   0.00   0.00   0.00   0.00   0.00   0.00   0.00   0.00   0.00   0.01   0.00   0.01   0.00   0.01   0.01   0.01   0.01   0.01   0.01   0.02   0.02   0.03   0.04   0.04   0.04   0.04   0.03   0.04   0.02   0.01   0.01   0.01
2011 10 21 21 00   0.00   0.00   0.00   0.00   0.00   0.00   0.00   0.00   0.00   0.00   0.00   0.00   0.00   0.00   0.00   0.00   0.00   0.00   0.00   0.00   0.00   0.00   0.01   0.00   0.00   0.01   0.00   0.01   0.01   0.01   0.01   0.01   0.01   0.01   0.01   0.01   0.03   0.04   0.05   0.05   0.09   0.12   0.03   0.02   0.01   0.01   0.00
2011 10 21 22 00   0.00   0.00   0.00   0.00   0.00   0.00   0.00   0.00   0.00   0.00   0.00   0.00   0.00   0.00   0.00   0.00   0.00   0.00   0.01   0.00   0.00   0.00   0.00   0.01   0.01   0.01   0.01   0.01   0.02   0.02   0.04   0.06   0.09   0.16   0.12   0.28   0.13   0.07   0.08   0.09   0.08   0.06   0.04   0.03   0.02   0.01   0.01
2011 10 21 23 00   0.00   0.00   0.00   0.00   0.00   0.00   0.00   0.00   0.00   0.00   0.00   0.00   0.00   0.00   0.00   0.00   0.00   0.00   0.00   0.01   0.00   0.00   0.00   0.01   0.01   0.02   0.04   0.08   0.11   0.24   0.28   0.35   0.13   0.10   0.14   0.13   0.09   0.07   0.04   0.05   0.05   0.04   0.03   0.03   0.01   0.01   0.00
2011 10 22 00 00   0.00   0.00   0.00   0.00   0.00   0.00   0.00   0.00   0.00   0.00   0.00   0.00   0.00   0.00   0.00   0.00   0.00   0.00   0.00   0.01   0.00   0.00   0.00   0.01   0.02   0.02   0.06   0.06   0.14   0.12   0.18   0.17   0.14   0.11   0.07   0.10   0.05   0.09   0.03   0.10   0.04   0.02   0.02   0.02   0.02   0.01   0.01
2011 10 22 01 00   0.00   0.00   0.00   0.00   0.00   0.00   0.00   0.00   0.00   0.00   0.00   0.00   0.00   0.00   0.00   0.00   0.00   0.00   0.00   0.01   0.00   0.00   0.00   0.01   0.02   0.05   0.16   0.12   0.14   0.26   0.21   0.11   0.12   0.08   0.12   0.11   0.08   0.06   0.07   0.07   0.08   0.05   0.04   0.02   0.02   0.01   0.01
2011 10 22 02 00   0.00   0.00   0.00   0.00   0.00   0.00   0.00   0.00   0.00   0.00   0.00   0.00   0.00   0.00   0.00   0.00   0.01   0.00   0.00   0.01   0.01   0.00   0.01   0.01   0.03   0.06   0.08   0.22   0.34   0.40   0.32   0.31   0.18   0.15   0.12   0.09   0.09   0.09   0.08   0.11   0.08   0.06   0.04   0.04   0.02   0.01   0.01
2011 10 22 03 00   0.00   0.00   0.00   0.00   0.00   0.00   0.00   0.00   0.00   0.00   0.00   0.00   0.00   0.00   0.00   0.00   0.00   0.00   0.00   0.01   0.01   0.01   0.01   0.03   0.03   0.07   0.11   0.32   0.48   0.40   0.23   0.25   0.18   0.10   0.08   0.12   0.06   0.11   0.06   0.04   0.05   0.03   0.04   0.02   0.01   0.01   0.01
2011 10 22 04 00   0.00   0.00   0.00   0.00   0.00   0.00   0.00   0.00   0.00   0.00   0.00   0.00   0.00   0.00   0.00   0.00   0.00   0.00   0.00   0.00   0.00   0.00   0.01   0.01   0.03   0.08   0.13   0.20   0.41   0.37   0.30   0.14   0.12   0.14   0.07   0.09   0.09   0.08   0.06   0.05   0.04   0.04   0.02   0.02   0.02   0.01   0.00
2011 10 22 05 00   0.00   0.00   0.00   0.00   0.00   0.00   0.00   0.00   0.00   0.00   0.00   0.00   0.00   0.00   0.00   0.00   0.00   0.00   0.00   0.00   0.00   0.01   0.01   0.01   0.01   0.04   0.03   0.12   0.17   0.18   0.12   0.13   0.07   0.04   0.07   0.03   0.04   0.07   0.04   0.06   0.04   0.02   0.02   0.02   0.01   0.00   0.00
2011 10 22 06 00   0.00   0.00   0.00   0.00   0.00   0.00   0.00   0.00   0.00   0.00   0.00   0.00   0.00   0.00   0.00   0.00   0.00   0.00   0.00   0.00   0.00   0.01   0.01   0.01   0.01   0.02   0.04   0.10   0.11   0.15   0.08   0.12   0.06   0.05   0.04   0.05   0.04   0.04   0.04   0.03   0.03   0.03   0.02   0.01   0.01   0.00   0.01
2011 10 22 07 00   0.00   0.00   0.00   0.00   0.00   0.00   0.00   0.00   0.00   0.00   0.00   0.00   0.00   0.00   0.00   0.00   0.00   0.00   0.00   0.00   0.00   0.01   0.00   0.01   0.01   0.02   0.05   0.08   0.13   0.10   0.07   0.08   0.10   0.07   0.06   0.06   0.05   0.05   0.02   0.04   0.04   0.02   0.01   0.01   0.01   0.00   0.00
2011 10 22 08 00   0.00   0.00   0.00   0.00   0.00   0.00   0.00   0.00   0.00   0.00   0.00   0.00   0.00   0.00   0.00   0.00   0.00   0.00   0.00   0.00   0.00   0.00   0.00   0.01   0.00   0.01   0.02   0.09   0.09   0.09   0.07   0.07   0.03   0.05   0.05   0.04   0.03   0.06   0.02   0.02   0.02   0.01   0.01   0.01   0.01   0.00   0.00
2011 10 22 09 00   0.00   0.00   0.00   0.00   0.00   0.00   0.00   0.00   0.00   0.00   0.00   0.00   0.00   0.00   0.00   0.00   0.00   0.00   0.00   0.00   0.00   0.00   0.00   0.00   0.00   0.00   0.02   0.06   0.06   0.16   0.07   0.06   0.05   0.03   0.05   0.04   0.02   0.03   0.02   0.02   0.01   0.01   0.02   0.01   0.00   0.00   0.00
2011 10 22 10 00   0.00   0.00   0.00   0.00   0.00   0.00   0.00   0.00   0.00   0.00   0.00   0.00   0.00   0.00   0.00   0.00   0.00   0.00   0.00   0.00   0.00   0.00   0.00   0.00   0.00   0.00   0.02   0.03   0.05   0.07   0.05   0.07   0.05   0.02   0.02   0.01   0.02   0.01   0.02   0.02   0.01   0.01   0.01   0.01   0.01   0.00   0.00
2011 10 22 11 00   0.00   0.00   0.00   0.00   0.00   0.00   0.00   0.00   0.00   0.00   0.00   0.00   0.00   0.00   0.00   0.00   0.00   0.00   0.00   0.00   0.00   0.00   0.00   0.00   0.00   0.00   0.00   0.03   0.03   0.03   0.06   0.04   0.04   0.02   0.01   0.02   0.02   0.02   0.01   0.01   0.01   0.01   0.01   0.01   0.01   0.00   0.00
2011 10 22 12 00   0.00   0.00   0.00   0.00   0.00   0.00   0.00   0.00   0.00   0.00   0.00   0.00   0.00   0.00   0.00   0.00   0.00   0.00   0.00   0.00   0.00   0.00   0.00   0.00   0.00   0.00   0.00   0.01   0.01   0.02   0.03   0.04   0.04   0.02   0.02   0.03   0.02   0.02   0.01   0.02   0.02   0.02   0.02   0.03   0.01   0.01   0.01
2011 10 22 15 00   0.00   0.00   0.00   0.00   0.00   0.00   0.00   0.00   0.00   0.00   0.00   0.00   0.00   0.00   0.00   0.00   0.00   0.00   0.00   0.00   0.00   0.00   0.00   0.00   0.01   0.01   0.01   0.05   0.05   0.18   0.20   0.26   0.28   0.20   0.37   0.17   0.08   0.15   0.08   0.09   0.07   0.04   0.06   0.03   0.03   0.02   0.01
2011 10 22 16 00   0.00   0.00   0.00   0.00   0.00   0.00   0.00   0.00   0.00   0.00   0.00   0.00   0.00   0.00   0.00   0.00   0.00   0.00   0.00   0.00   0.00   0.00   0.00   0.00   0.01   0.02   0.02   0.04   0.13   0.18   0.33   0.28   0.20   0.07   0.16   0.13   0.08   0.07   0.07   0.09   0.03   0.06   0.03   0.03   0.02   0.02   0.01
2011 10 22 18 00   0.00   0.00   0.00   0.00   0.00   0.00   0.00   0.00   0.00   0.00   0.00   0.00   0.00   0.00   0.00   0.00   0.00   0.00   0.00   0.00   0.00   0.00   0.01   0.01   0.02   0.08   0.17   0.18   0.19   0.14   0.20   0.12   0.18   0.09   0.13   0.06   0.04   0.07   0.05   0.05   0.04   0.05   0.03   0.02   0.02   0.01   0.01
2011 10 22 19 00   0.00   0.00   0.00   0.00   0.00   0.00   0.00   0.00   0.00   0.00   0.00   0.00   0.00   0.00   0.00   0.00   0.00   0.00   0.00   0.00   0.00   0.00   0.00   0.00   0.00   0.01   0.02   0.06   0.05   0.16   0.21   0.05   0.08   0.09   0.08   0.04   0.04   0.06   0.03   0.05   0.03   0.04   0.02   0.02   0.01   0.01   0.01
2011 10 22 20 00   0.00   0.00   0.00   0.00   0.00   0.00   0.00   0.00   0.00   0.00   0.00   0.00   0.00   0.00   0.00   0.00   0.00   0.00   0.00   0.00   0.00   0.00   0.00   0.00   0.01   0.00   0.01   0.01   0.02   0.04   0.06   0.09   0.17   0.11   0.04   0.06   0.04   0.05   0.02   0.02   0.02   0.01   0.01   0.01   0.01   0.01   0.01
2011 10 22 21 00   0.00   0.00   0.00   0.00   0.00   0.00   0.00   0.00   0.00   0.00   0.00   0.00   0.00   0.00   0.00   0.00   0.00   0.00   0.00   0.00   0.00   0.00   0.00   0.00   0.01   0.02   0.03   0.07   0.10   0.18   0.06   0.05   0.06   0.05   0.04   0.05   0.04   0.04   0.02   0.04   0.02   0.03   0.01   0.00   0.00   0.01   0.00
2011 10 22 22 00   0.00   0.00   0.00   0.00   0.00   0.00   0.00   0.00   0.00   0.00   0.00   0.00   0.00   0.00   0.00   0.00   0.00   0.00   0.00   0.00   0.00   0.00   0.00   0.00   0.00   0.01   0.03   0.03   0.03   0.05   0.14   0.05   0.06   0.04   0.04   0.03   0.03   0.04   0.02   0.05   0.02   0.01   0.01   0.01   0.00   0.00   0.00
2011 10 22 23 00   0.00   0.00   0.00   0.00   0.00   0.00   0.00   0.00   0.00   0.00   0.00   0.00   0.00   0.00   0.00   0.00   0.00   0.00   0.00   0.00   0.00   0.00   0.00   0.00   0.00   0.01   0.03   0.03   0.03   0.02   0.04   0.04   0.09   0.07   0.02   0.02   0.02   0.02   0.01   0.01   0.01   0.01   0.01   0.00   0.00   0.00   0.00
