114 18 40.84
115 18 42.75
116 18 44.67
117 18 46.58
118 18 48.50
119 18 50.41
120 18 52.32
121 18 54.23
122 18 56.14
123 18 58.05
124 18 59.96
125 19 1.86
126 19 3.76
127 19 5.66
128 19 7.55
129 19 9.44
130 19 11.33
131 19 13.21
132 19 15.09
133 19 16.96
134 19 18.82
135 19 20.68
136 19 22.52
137 19 24.36
138 19 26.19
139 19 28.00
140 19 29.80
141 19 31.59
142 19 33.36
143 19 35.12
144 19 36.85
145 19 38.57
146 19 40.26
147 19 41.93
148 19 43.57
149 19 45.18
150 19 46.77
151 19 48.31
152 19 49.83
153 19 51.30
154 19 52.74
155 19 54.13
156 19 55.49
157 19 56.79
158 19 58.06
159 19 59.27
160 20 0.43
161 20 1.55
162 20 2.61
163 20 3.62
164 20 4.58
165 20 5.48
166 20 6.32
167 20 7.11
168 20 7.85
169 20 8.53
170 20 9.15
171 20 9.71
172 20 10.21
173 20 10.66
174 20 11.04
175 20 11.37
176 20 11.64
177 20 11.85
178 20 12.00
179 20 12.09
180 20 12.12
