0 0 0
1 0 21.1
2 0 35.4
3 0 49.7
4 1 3.9
5 1 18.1
6 1 32.2
7 1 46.3
8 2 0.3
9 2 14.2
10 2 28.0
11 2 41.7
12 2 55.3
13 3 8.7
14 3 21.9
15 3 35.0
16 3 48.0
17 4 0.7
18 4 13.2
19 4 25.5
20 4 37.0
21 4 47.4
22 4 57.5
23 5 07.4
24 5 17.1
25 5 26.8
26 5 36.2
27 5 45.4
28 5 54.5
29 6 3.5
30 6 12.5
31 6 21.3
32 6 30.1
33 6 38.8
34 6 47.5
35 6 56.1
36 7 4.6
37 7 13.0
38 7 21.4
39 7 29.8
40 7 38.1
41 7 46.3
42 7 54.5
43 8 2.7
44 8 10.8
45 8 18.9
46 8 26.8
47 8 34.7
48 8 42.6
49 8 50.3
50 8 58.0
51 9 5.6
52 9 13.2
53 9 20.7
54 9 28.0
55 9 35.4
56 9 42.6
57 9 49.8
58 9 56.8
59 10 3.8
60 10 10.7
61 10 17.5
62 10 24.3
63 10 30.9
64 10 37.5
65 10 44.0
66 10 50.4
67 10 56.8
68 11 3.1
69 11 9.3
70 11 15.4
71 11 21.5
72 11 27.5
73 11 33.4
74 11 39.2
75 11 45.0
76 11 50.7
77 11 56.3
78 12 1.8
79 12 7.3
80 12 12.7
81 12 18.0
82 12 23.2
83 12 28.4
84 12 33.5
85 12 38.5
86 12 43.5
87 12 48.4
88 12 53.2
89 12 58.0
90 13 2.7
91 13 7.3
92 13 11.9
93 13 16.5
94 13 21.1
95 13 25.7
96 13 30.3
97 13 34.8
98 13 39.3
99 13 43.8

