0 8 34.3
1 8 34.3
2 8 34.5
3 8 34.7
4 8 35.0
5 8 35.4
6 8 35.9
7 8 36.6
8 8 37.3
9 8 38.1
10 8 39.0
11 8 40.0
12 8 41.1
13 8 42.3
14 8 43.5
15 8 44.9
16 8 46.4
17 8 47.9
18 8 49.5
19 8 51.2
20 8 53.0
21 8 54.9
22 8 56.8
23 8 58.8
24 9 0.9
25 9 3.0
26 9 5.2
27 9 7.5
28 9 9.9
29 9 12.4
30 9 14.9
31 9 17.5
32 9 20.2
33 9 22.9
34 9 25.7
35 9 28.6
36 9 31.5
37 9 34.5
38 9 37.6
39 9 40.7
40 9 43.9
41 9 47.1
42 9 50.4
43 9 53.7
44 9 57.1
45 10 0.5
46 10 4.0
47 10 7.5
48 10 11.1
49 10 14.7
50 10 18.3
51 10 22.0
52 10 25.7
53 10 29.4
54 10 33.2
55 10 37.0
56 10 40.9
57 10 44.8
58 10 48.7
59 10 52.6
60 10 56.6
61 11 0.6
62 11 4.6
63 11 8.7
64 11 12.8
65 11 16.9
66 11 21.0
67 11 25.2
68 11 29.4
69 11 33.6
70 11 37.8
71 11 42.0
72 11 46.3
73 11 50.5
74 11 54.8
75 11 59.1
76 12 3.4
77 12 7.7
78 12 12.0
79 12 16.3
80 12 20.6
81 12 24.9
82 12 29.3
83 12 33.6
84 12 37.9
85 12 42.3
86 12 46.7
87 12 51.0
88 12 55.4
89 12 59.8
90 13 4.2
91 13 8.6
92 13 13.0
93 13 17.4
94 13 21.9
95 13 26.3
96 13 30.7
97 13 35.2
98 13 39.6
