145.0 1177.58 3.275
145.0 1177.70 3.716 
146.0 1180.75 3.064
146.0 1181.51 3.868
147.0 1183.74 2.915 
147.0 1185.42 3.960
148.0 1186.59 2.785
148.0 1189.42 4.029
149.0 1189.32 2.672
149.0 1193.47 4.082
150.0 1191.94 2.568
150.0 1197.58 4.129
151.0 1194.46 2.469
151.0 1201.73 4.166
152.0 1196.88 2.374
152.0 1205.91 4.199
153.0 1199.21 2.285
153.0 1210.12 4.230
154.0 1201.45 2.198
154.0 1214.37 4.254
155.0 1203.60 2.114
155.0 1218.64 4.276
156.0 1222.92 4.297
157.0 1227.23 4.314
158.0 1231.55 4.330
159.0 1235.89 4.345
160.0 1240.24 4.358
161.0 1244.60 4.369
162.0 1248.98 4.380
163.0 1253.36 4.388
164.0 1257.76 4.396
165.0 1262.15 4.404
166.0 1266.56 4.410
167.0 1270.97 4.416
168.0 1275.39 4.421
169.0 1279.82 4.425
170.0 1284.24 4.428
171.0 1288.67 4.431
172.0 1293.10 4.434
173.0 1297.54 4.436
174.0 1301.98 4.437
175.0 1306.41 4.437
176.0 1310.85 4.438
