 1.0  19.17 19.170
 2.0  35.03 13.752
 3.0  48.78 13.751
 4.0  62.53 13.748
 5.0  76.27 13.743
 6.0  90.01 13.737
 7.0  103.75 13.730
 8.0  117.47 13.721
 9.0  131.19 13.711
 10.0 144.89 13.700
 11.0 158.59 13.688
 12.0 172.27 13.675
 13.0 185.94 13.660
 14.0 199.59 13.644
 15.0 213.23 13.627
 16.0 226.37 13.016
 17.0 239.12 12.582
 18.0 251.57 12.330
 19.0 263.15 10.974
 20.0 274.08 10.898
 21.0 284.95 10.806
 22.0 295.70 10.695
 23.0 306.33 10.569
 24.0 316.30  9.137
 25.0 325.42  9.099
 26.0 334.49  9.054
 27.0 343.52  9.001
 28.0 352.50  8.941
 29.0 361.41  8.875
 30.0 370.26  8.840
 31.0 379.09  8.812
 32.0 387.87  8.769
 33.0 396.63  8.721
 34.0 405.33  8.671
 35.0 413.97  8.615
 36.0 422.55  8.556
 37.0 431.08  8.497
 38.0 439.55  8.433
 39.0 447.95  8.371
 40.0 456.29  8.304
 41.0 464.56  8.239
 42.0 472.77  8.169
 43.0 480.90  8.102
 44.0 488.97  8.030
 45.0 496.97  7.961
 46.0 504.89  7.889
 47.0 512.74  7.818
 48.0 520.53  7.747
 49.0 528.24  7.674
 50.0 535.88  7.603
 51.0 543.44  7.530
 52.0 550.94  7.458
 53.0 558.36  7.386
 54.0 565.71  7.312
 55.0 572.98  7.240
 56.0 580.19  7.168
 57.0 587.32  7.094
 58.0 594.38  7.022
 59.0 601.36  6.950
 60.0 608.28  6.877
 61.0 615.12  6.804
 62.0 621.89  6.732
 63.0 628.58  6.659
 64.0 635.20  6.586
 65.0 641.75  6.514
 66.0 648.23  6.441
 67.0 654.64  6.367
 68.0 660.96  6.295
 69.0 667.22  6.222
 70.0 673.41  6.149
 71.0 679.52  6.075
 72.0 685.56  6.002
 73.0 691.53  5.929
 74.0 697.41  5.854
 75.0 703.24  5.779
 76.0 708.98  5.705
 77.0 714.65  5.630
 78.0 720.23  5.555
 79.0 725.76  5.480
 80.0 731.20  5.403
 81.0 736.57  5.328
 82.0 741.86  5.249
 83.0 747.07  5.172
 84.0 752.20  5.093
 85.0 757.25  5.015
 86.0 762.23  4.935
 87.0 767.12  4.855
 88.0 771.93  4.774
 89.0 776.67  4.691
 90.0 781.33  4.638
 91.0 785.97  4.632
 92.0 790.59  4.618
 93.0 795.20  4.598
 94.0 799.79  4.576
 95.0 804.35  4.549
 96.0 808.89  4.519
 97.0 813.39  4.487
 98.0 817.86  4.453

