             mkfindp ,	   4 ,	     2 ,	23.132 ,	 0.684,	   0
             mkxpsum ,	   1 ,	  5747 ,	11.981 ,	 4.111,	   1
          mkraydepth ,	   2 ,	  2874 ,	 9.996 ,	 3.230,	   2
               mkx4p ,	   8 ,	  2874 ,	23.507 ,	 3.210,	   3
                mkxp ,	   1 ,	 79346 ,	 6.817 ,	 3.059,	   4
         mksfer2flat ,	   0 ,	 20117 ,	 5.724 ,	 2.862,	   5
            mkinterp ,	   0 ,	  5748 ,	 5.300 ,	 2.650,	   6
               mkgv0 ,	   0 ,	 71257 ,	 1.399 ,	 0.700,	   7
             mkfindp ,	   4 ,	     1 ,	23.132 ,	 0.684,	   8
              unique ,	   0 ,	  5277 ,	 0.726 ,	 0.363,	   9
         mkfindzeros ,	   3 ,	   239 ,	16.601 ,	 0.303,	  10
             mkfindp ,	   4 ,	     2 ,	19.579 ,	 0.685,	   0
             mkxpsum ,	   1 ,	  4783 ,	 9.709 ,	 3.329,	   1
          mkraydepth ,	   2 ,	  2392 ,	 8.441 ,	 2.744,	   2
               mkx4p ,	   8 ,	  2392 ,	19.561 ,	 2.713,	   3
                mkxp ,	   1 ,	 63870 ,	 5.535 ,	 2.485,	   4
         mksfer2flat ,	   0 ,	 16743 ,	 4.795 ,	 2.398,	   5
            mkinterp ,	   0 ,	  4784 ,	 4.439 ,	 2.219,	   6
             mkfindp ,	   4 ,	     1 ,	19.579 ,	 0.685,	   7
               mkgv0 ,	   0 ,	 57440 ,	 1.131 ,	 0.565,	   8
              unique ,	   0 ,	  5277 ,	 0.725 ,	 0.362,	   9
             interp1 ,	   2 ,	   246 ,	 0.611 ,	 0.261,	  10
             mkfindp ,	   4 ,	     2 ,	16.613 ,	 0.595,	   0
             mkxpsum ,	   1 ,	  4783 ,	 8.626 ,	 2.967,	   1
               mkx4p ,	   8 ,	  2392 ,	16.696 ,	 2.349,	   2
                mkxp ,	   1 ,	 63870 ,	 4.869 ,	 2.178,	   3
          mkraydepth ,	   2 ,	  2392 ,	 6.763 ,	 2.170,	   4
         mksfer2flat ,	   0 ,	 16743 ,	 4.012 ,	 2.006,	   5
            mkinterp ,	   0 ,	  4784 ,	 3.619 ,	 1.809,	   6
             mkfindp ,	   4 ,	     1 ,	16.613 ,	 0.595,	   7
               mkgv0 ,	   0 ,	 57440 ,	 1.028 ,	 0.514,	   8
              unique ,	   0 ,	  5277 ,	 0.643 ,	 0.322,	   9
         mkfindzeros ,	   3 ,	   239 ,	10.997 ,	 0.201,	  10